0.00000e+00 0.00000e+00 0.00000e+00 
0.00000e+00 2.50000e-02 0.00000e+00 
0.00000e+00 5.00000e-02 0.00000e+00 
0.00000e+00 7.50000e-02 0.00000e+00 
0.00000e+00 1.00000e-01 0.00000e+00 
0.00000e+00 1.25000e-01 0.00000e+00 
0.00000e+00 1.50000e-01 0.00000e+00 
0.00000e+00 1.75000e-01 0.00000e+00 
0.00000e+00 2.00000e-01 0.00000e+00 
0.00000e+00 2.25000e-01 0.00000e+00 
0.00000e+00 2.50000e-01 0.00000e+00 
0.00000e+00 2.75000e-01 0.00000e+00 
0.00000e+00 3.00000e-01 0.00000e+00 
0.00000e+00 3.25000e-01 0.00000e+00 
0.00000e+00 3.50000e-01 0.00000e+00 
0.00000e+00 3.75000e-01 0.00000e+00 
0.00000e+00 4.00000e-01 0.00000e+00 
0.00000e+00 4.25000e-01 0.00000e+00 
0.00000e+00 4.50000e-01 0.00000e+00 
0.00000e+00 4.75000e-01 0.00000e+00 
0.00000e+00 5.00000e-01 0.00000e+00 
0.00000e+00 5.25000e-01 0.00000e+00 
0.00000e+00 5.50000e-01 0.00000e+00 
0.00000e+00 5.75000e-01 0.00000e+00 
0.00000e+00 6.00000e-01 0.00000e+00 
0.00000e+00 6.25000e-01 0.00000e+00 
0.00000e+00 6.50000e-01 0.00000e+00 
0.00000e+00 6.75000e-01 0.00000e+00 
0.00000e+00 7.00000e-01 0.00000e+00 
0.00000e+00 7.25000e-01 0.00000e+00 
0.00000e+00 7.50000e-01 0.00000e+00 
0.00000e+00 7.75000e-01 0.00000e+00 
0.00000e+00 8.00000e-01 0.00000e+00 
0.00000e+00 8.25000e-01 0.00000e+00 
0.00000e+00 8.50000e-01 0.00000e+00 
0.00000e+00 8.75000e-01 0.00000e+00 
0.00000e+00 9.00000e-01 0.00000e+00 
0.00000e+00 9.25000e-01 0.00000e+00 
0.00000e+00 9.50000e-01 0.00000e+00 
0.00000e+00 9.75000e-01 0.00000e+00 
0.00000e+00 1.00000e+00 0.00000e+00 

2.50000e-02 0.00000e+00 0.00000e+00 
2.50000e-02 2.50000e-02 1.61982e-13 
2.50000e-02 5.00000e-02 -5.69544e-14 
2.50000e-02 7.50000e-02 -3.88578e-14 
2.50000e-02 1.00000e-01 1.22347e-13 
2.50000e-02 1.25000e-01 -3.44169e-15 
2.50000e-02 1.50000e-01 -6.19504e-14 
2.50000e-02 1.75000e-01 2.72005e-14 
2.50000e-02 2.00000e-01 2.97540e-14 
2.50000e-02 2.25000e-01 -5.10703e-15 
2.50000e-02 2.50000e-01 -9.97440e-15 
2.50000e-02 2.75000e-01 -7.99361e-15 
2.50000e-02 3.00000e-01 -2.43139e-14 
2.50000e-02 3.25000e-01 -3.40283e-14 
2.50000e-02 3.50000e-01 -2.13163e-14 
2.50000e-02 3.75000e-01 -4.77396e-15 
2.50000e-02 4.00000e-01 8.21565e-15 
2.50000e-02 4.25000e-01 2.48690e-14 
2.50000e-02 4.50000e-01 9.76996e-15 
2.50000e-02 4.75000e-01 3.24185e-14 
2.50000e-02 5.00000e-01 2.00950e-14 
2.50000e-02 5.25000e-01 1.56541e-14 
2.50000e-02 5.50000e-01 2.36478e-14 
2.50000e-02 5.75000e-01 4.18554e-14 
2.50000e-02 6.00000e-01 2.77556e-15 
2.50000e-02 6.25000e-01 -4.99600e-15 
2.50000e-02 6.50000e-01 -2.44249e-14 
2.50000e-02 6.75000e-01 -3.14748e-14 
2.50000e-02 7.00000e-01 -2.29261e-14 
2.50000e-02 7.25000e-01 -8.60423e-15 
2.50000e-02 7.50000e-01 -9.62850e-15 
2.50000e-02 7.75000e-01 -7.63278e-15 
2.50000e-02 8.00000e-01 2.95319e-14 
2.50000e-02 8.25000e-01 2.56462e-14 
2.50000e-02 8.50000e-01 -5.83977e-14 
2.50000e-02 8.75000e-01 -8.88178e-16 
2.50000e-02 9.00000e-01 1.25011e-13 
2.50000e-02 9.25000e-01 -4.17444e-14 
2.50000e-02 9.50000e-01 -6.52811e-14 
2.50000e-02 9.75000e-01 1.70419e-13 
2.50000e-02 1.00000e+00 0.00000e+00 

5.00000e-02 0.00000e+00 0.00000e+00 
5.00000e-02 2.50000e-02 -4.86278e-14 
5.00000e-02 5.00000e-02 3.77476e-15 
5.00000e-02 7.50000e-02 1.19904e-14 
5.00000e-02 1.00000e-01 -5.36238e-14 
5.00000e-02 1.25000e-01 -1.01030e-14 
5.00000e-02 1.50000e-01 1.67644e-14 
5.00000e-02 1.75000e-01 -1.12133e-14 
5.00000e-02 2.00000e-01 -1.80966e-14 
5.00000e-02 2.25000e-01 -1.11022e-15 
5.00000e-02 2.50000e-01 3.61442e-15 
5.00000e-02 2.75000e-01 5.32907e-15 
5.00000e-02 3.00000e-01 1.03806e-14 
5.00000e-02 3.25000e-01 2.38143e-14 
5.00000e-02 3.50000e-01 8.21565e-15 
5.00000e-02 3.75000e-01 1.88738e-15 
5.00000e-02 4.00000e-01 -1.01030e-14 
5.00000e-02 4.25000e-01 -1.21014e-14 
5.00000e-02 4.50000e-01 1.77636e-15 
5.00000e-02 4.75000e-01 -6.77236e-15 
5.00000e-02 5.00000e-01 -1.08802e-14 
5.00000e-02 5.25000e-01 -4.10783e-15 
5.00000e-02 5.50000e-01 -1.21014e-14 
5.00000e-02 5.75000e-01 -1.17684e-14 
5.00000e-02 6.00000e-01 -1.66533e-15 
5.00000e-02 6.25000e-01 1.55431e-14 
5.00000e-02 6.50000e-01 1.21014e-14 
5.00000e-02 6.75000e-01 1.59872e-14 
5.00000e-02 7.00000e-01 1.14353e-14 
5.00000e-02 7.25000e-01 8.60423e-15 
5.00000e-02 7.50000e-01 4.42231e-15 
5.00000e-02 7.75000e-01 -8.32667e-16 
5.00000e-02 8.00000e-01 -1.34892e-14 
5.00000e-02 8.25000e-01 -1.13798e-14 
5.00000e-02 8.50000e-01 1.73195e-14 
5.00000e-02 8.75000e-01 -4.77396e-15 
5.00000e-02 9.00000e-01 -5.09592e-14 
5.00000e-02 9.25000e-01 1.46549e-14 
5.00000e-02 9.50000e-01 9.99201e-16 
5.00000e-02 9.75000e-01 -5.68434e-14 
5.00000e-02 1.00000e+00 0.00000e+00 

7.50000e-02 0.00000e+00 0.00000e+00 
7.50000e-02 2.50000e-02 -3.33067e-14 
7.50000e-02 5.00000e-02 6.43929e-15 
7.50000e-02 7.50000e-02 -5.21805e-15 
7.50000e-02 1.00000e-01 -2.33147e-14 
7.50000e-02 1.25000e-01 2.88658e-15 
7.50000e-02 1.50000e-01 1.39888e-14 
7.50000e-02 1.75000e-01 -8.32667e-15 
7.50000e-02 2.00000e-01 -4.10783e-15 
7.50000e-02 2.25000e-01 3.85803e-15 
7.50000e-02 2.50000e-01 3.26380e-15 
7.50000e-02 2.75000e-01 4.96825e-15 
7.50000e-02 3.00000e-01 7.43849e-15 
7.50000e-02 3.25000e-01 9.82547e-15 
7.50000e-02 3.50000e-01 1.93179e-14 
7.50000e-02 3.75000e-01 5.55112e-15 
7.50000e-02 4.00000e-01 6.66134e-15 
7.50000e-02 4.25000e-01 5.21805e-15 
7.50000e-02 4.50000e-01 -1.19904e-14 
7.50000e-02 4.75000e-01 1.11022e-16 
7.50000e-02 5.00000e-01 2.10942e-15 
7.50000e-02 5.25000e-01 8.32667e-15 
7.50000e-02 5.50000e-01 -6.43929e-15 
7.50000e-02 5.75000e-01 -1.11022e-16 
7.50000e-02 6.00000e-01 -4.32987e-15 
7.50000e-02 6.25000e-01 6.77236e-15 
7.50000e-02 6.50000e-01 7.99361e-15 
7.50000e-02 6.75000e-01 1.37668e-14 
7.50000e-02 7.00000e-01 9.88098e-15 
7.50000e-02 7.25000e-01 2.80331e-15 
7.50000e-02 7.50000e-01 2.22157e-15 
7.50000e-02 7.75000e-01 -1.11022e-16 
7.50000e-02 8.00000e-01 -8.49321e-15 
7.50000e-02 8.25000e-01 -1.49880e-15 
7.50000e-02 8.50000e-01 9.10383e-15 
7.50000e-02 8.75000e-01 -5.66214e-15 
7.50000e-02 9.00000e-01 -1.22125e-14 
7.50000e-02 9.25000e-01 -1.64313e-14 
7.50000e-02 9.50000e-01 8.88178e-16 
7.50000e-02 9.75000e-01 -2.76446e-14 
7.50000e-02 1.00000e+00 0.00000e+00 

1.00000e-01 0.00000e+00 0.00000e+00 
1.00000e-01 2.50000e-02 1.27898e-13 
1.00000e-01 5.00000e-02 -4.80727e-14 
1.00000e-01 7.50000e-02 -2.33147e-14 
1.00000e-01 1.00000e-01 9.41469e-14 
1.00000e-01 1.25000e-01 -1.77636e-15 
1.00000e-01 1.50000e-01 -4.31877e-14 
1.00000e-01 1.75000e-01 2.12053e-14 
1.00000e-01 2.00000e-01 2.17604e-14 
1.00000e-01 2.25000e-01 -5.46785e-15 
1.00000e-01 2.50000e-01 -7.40977e-15 
1.00000e-01 2.75000e-01 -5.30131e-15 
1.00000e-01 3.00000e-01 -1.79856e-14 
1.00000e-01 3.25000e-01 -2.38698e-14 
1.00000e-01 3.50000e-01 -1.92624e-14 
1.00000e-01 3.75000e-01 -8.88178e-16 
1.00000e-01 4.00000e-01 -6.66134e-15 
1.00000e-01 4.25000e-01 9.32587e-15 
1.00000e-01 4.50000e-01 2.30926e-14 
1.00000e-01 4.75000e-01 -1.11022e-16 
1.00000e-01 5.00000e-01 -2.77556e-15 
1.00000e-01 5.25000e-01 8.10463e-15 
1.00000e-01 5.50000e-01 1.19904e-14 
1.00000e-01 5.75000e-01 3.99680e-15 
1.00000e-01 6.00000e-01 1.66533e-15 
1.00000e-01 6.25000e-01 -1.22125e-14 
1.00000e-01 6.50000e-01 -1.80411e-14 
1.00000e-01 6.75000e-01 -1.98730e-14 
1.00000e-01 7.00000e-01 -1.93734e-14 
1.00000e-01 7.25000e-01 -4.27436e-15 
1.00000e-01 7.50000e-01 -7.13088e-15 
1.00000e-01 7.75000e-01 -4.35763e-15 
1.00000e-01 8.00000e-01 2.32869e-14 
1.00000e-01 8.25000e-01 1.40998e-14 
1.00000e-01 8.50000e-01 -4.12448e-14 
1.00000e-01 8.75000e-01 6.32827e-15 
1.00000e-01 9.00000e-01 8.16014e-14 
1.00000e-01 9.25000e-01 -2.05391e-14 
1.00000e-01 9.50000e-01 -4.25215e-14 
1.00000e-01 9.75000e-01 1.28009e-13 
1.00000e-01 1.00000e+00 0.00000e+00 

1.25000e-01 0.00000e+00 0.00000e+00 
1.25000e-01 2.50000e-02 -1.17684e-14 
1.25000e-01 5.00000e-02 3.77476e-15 
1.25000e-01 7.50000e-02 -9.54792e-15 
1.25000e-01 1.00000e-01 -3.33067e-16 
1.25000e-01 1.25000e-01 -4.32987e-15 
1.25000e-01 1.50000e-01 -3.33067e-16 
1.25000e-01 1.75000e-01 1.11022e-15 
1.25000e-01 2.00000e-01 -3.33067e-16 
1.25000e-01 2.25000e-01 -8.04912e-16 
1.25000e-01 2.50000e-01 3.46874e-16 
1.25000e-01 2.75000e-01 1.51268e-15 
1.25000e-01 3.00000e-01 3.02536e-15 
1.25000e-01 3.25000e-01 -2.44249e-15 
1.25000e-01 3.50000e-01 -3.83027e-15 
1.25000e-01 3.75000e-01 8.65974e-15 
1.25000e-01 4.00000e-01 4.66294e-15 
1.25000e-01 4.25000e-01 2.55351e-15 
1.25000e-01 4.50000e-01 -9.32587e-15 
1.25000e-01 4.75000e-01 6.32827e-15 
1.25000e-01 5.00000e-01 -8.21565e-15 
1.25000e-01 5.25000e-01 1.45439e-14 
1.25000e-01 5.50000e-01 -6.55032e-15 
1.25000e-01 5.75000e-01 5.55112e-15 
1.25000e-01 6.00000e-01 4.66294e-15 
1.25000e-01 6.25000e-01 8.54872e-15 
1.25000e-01 6.50000e-01 2.99760e-15 
1.25000e-01 6.75000e-01 -3.33067e-15 
1.25000e-01 7.00000e-01 4.41314e-15 
1.25000e-01 7.25000e-01 1.47105e-15 
1.25000e-01 7.50000e-01 6.50732e-16 
1.25000e-01 7.75000e-01 -2.80331e-15 
1.25000e-01 8.00000e-01 -4.99600e-16 
1.25000e-01 8.25000e-01 3.77476e-15 
1.25000e-01 8.50000e-01 -6.82787e-15 
1.25000e-01 8.75000e-01 -3.21965e-15 
1.25000e-01 9.00000e-01 9.21485e-15 
1.25000e-01 9.25000e-01 -1.11022e-14 
1.25000e-01 9.50000e-01 -1.01030e-14 
1.25000e-01 9.75000e-01 -8.99281e-15 
1.25000e-01 1.00000e+00 0.00000e+00 

1.50000e-01 0.00000e+00 0.00000e+00 
1.50000e-01 2.50000e-02 -4.94049e-14 
1.50000e-01 5.00000e-02 8.43769e-15 
1.50000e-01 7.50000e-02 7.10543e-15 
1.50000e-01 1.00000e-01 -3.90243e-14 
1.50000e-01 1.25000e-01 -5.88418e-15 
1.50000e-01 1.50000e-01 1.45994e-14 
1.50000e-01 1.75000e-01 -6.60583e-15 
1.50000e-01 2.00000e-01 -1.28786e-14 
1.50000e-01 2.25000e-01 1.80411e-15 
1.50000e-01 2.50000e-01 3.72228e-15 
1.50000e-01 2.75000e-01 3.38618e-15 
1.50000e-01 3.00000e-01 1.10745e-14 
1.50000e-01 3.25000e-01 1.78191e-14 
1.50000e-01 3.50000e-01 1.45439e-14 
1.50000e-01 3.75000e-01 -2.33147e-15 
1.50000e-01 4.00000e-01 2.99760e-15 
1.50000e-01 4.25000e-01 -1.66533e-15 
1.50000e-01 4.50000e-01 4.10783e-15 
1.50000e-01 4.75000e-01 -1.01030e-14 
1.50000e-01 5.00000e-01 -1.11022e-15 
1.50000e-01 5.25000e-01 -1.02141e-14 
1.50000e-01 5.50000e-01 -2.88658e-15 
1.50000e-01 5.75000e-01 -1.44329e-15 
1.50000e-01 6.00000e-01 -6.66134e-15 
1.50000e-01 6.25000e-01 7.21645e-15 
1.50000e-01 6.50000e-01 8.21565e-15 
1.50000e-01 6.75000e-01 1.14353e-14 
1.50000e-01 7.00000e-01 1.00198e-14 
1.50000e-01 7.25000e-01 4.44089e-15 
1.50000e-01 7.50000e-01 3.18800e-15 
1.50000e-01 7.75000e-01 5.68989e-16 
1.50000e-01 8.00000e-01 -1.12688e-14 
1.50000e-01 8.25000e-01 -8.10463e-15 
1.50000e-01 8.50000e-01 1.49880e-14 
1.50000e-01 8.75000e-01 -7.43849e-15 
1.50000e-01 9.00000e-01 -4.18554e-14 
1.50000e-01 9.25000e-01 2.88658e-15 
1.50000e-01 9.50000e-01 1.67644e-14 
1.50000e-01 9.75000e-01 -5.08482e-14 
1.50000e-01 1.00000e+00 0.00000e+00 

1.75000e-01 0.00000e+00 0.00000e+00 
1.75000e-01 2.50000e-02 2.30371e-14 
1.75000e-01 5.00000e-02 -1.26010e-14 
1.75000e-01 7.50000e-02 -6.93889e-15 
1.75000e-01 1.00000e-01 1.98175e-14 
1.75000e-01 1.25000e-01 3.88578e-15 
1.75000e-01 1.50000e-01 -1.21569e-14 
1.75000e-01 1.75000e-01 -5.82867e-16 
1.75000e-01 2.00000e-01 8.04912e-15 
1.75000e-01 2.25000e-01 -5.82867e-16 
1.75000e-01 2.50000e-01 -1.27324e-15 
1.75000e-01 2.75000e-01 -9.99201e-16 
1.75000e-01 3.00000e-01 -6.68909e-15 
1.75000e-01 3.25000e-01 -3.85803e-15 
1.75000e-01 3.50000e-01 -8.65974e-15 
1.75000e-01 3.75000e-01 3.33067e-16 
1.75000e-01 4.00000e-01 -3.10862e-15 
1.75000e-01 4.25000e-01 1.33227e-15 
1.75000e-01 4.50000e-01 4.27436e-15 
1.75000e-01 4.75000e-01 3.38618e-15 
1.75000e-01 5.00000e-01 -4.16334e-15 
1.75000e-01 5.25000e-01 6.10623e-15 
1.75000e-01 5.50000e-01 1.11022e-16 
1.75000e-01 5.75000e-01 1.49880e-15 
1.75000e-01 6.00000e-01 -3.05311e-15 
1.75000e-01 6.25000e-01 9.43690e-16 
1.75000e-01 6.50000e-01 -5.93969e-15 
1.75000e-01 6.75000e-01 -5.32907e-15 
1.75000e-01 7.00000e-01 -2.88658e-15 
1.75000e-01 7.25000e-01 -2.47025e-15 
1.75000e-01 7.50000e-01 -1.66633e-15 
1.75000e-01 7.75000e-01 -5.55112e-16 
1.75000e-01 8.00000e-01 5.85643e-15 
1.75000e-01 8.25000e-01 2.44249e-15 
1.75000e-01 8.50000e-01 -9.10383e-15 
1.75000e-01 8.75000e-01 2.38698e-15 
1.75000e-01 9.00000e-01 1.83742e-14 
1.75000e-01 9.25000e-01 -1.44329e-15 
1.75000e-01 9.50000e-01 -1.39888e-14 
1.75000e-01 9.75000e-01 1.61537e-14 
1.75000e-01 1.00000e+00 0.00000e+00 

2.00000e-01 0.00000e+00 0.00000e+00 
2.00000e-01 2.50000e-02 3.11418e-14 
2.00000e-01 5.00000e-02 -1.12133e-14 
2.00000e-01 7.50000e-02 -3.44169e-15 
2.00000e-01 1.00000e-01 2.41751e-14 
2.00000e-01 1.25000e-01 -1.02696e-15 
2.00000e-01 1.50000e-01 -9.43690e-15 
2.00000e-01 1.75000e-01 5.63438e-15 
2.00000e-01 2.00000e-01 5.02376e-15 
2.00000e-01 2.25000e-01 -5.06539e-16 
2.00000e-01 2.50000e-01 -1.47728e-15 
2.00000e-01 2.75000e-01 -1.47105e-15 
2.00000e-01 3.00000e-01 -4.20497e-15 
2.00000e-01 3.25000e-01 -6.60583e-15 
2.00000e-01 3.50000e-01 -2.72005e-15 
2.00000e-01 3.75000e-01 -3.10862e-15 
2.00000e-01 4.00000e-01 3.66374e-15 
2.00000e-01 4.25000e-01 2.66454e-15 
2.00000e-01 4.50000e-01 7.71605e-15 
2.00000e-01 4.75000e-01 -1.99840e-15 
2.00000e-01 5.00000e-01 6.55032e-15 
2.00000e-01 5.25000e-01 7.77156e-16 
2.00000e-01 5.50000e-01 1.11022e-16 
2.00000e-01 5.75000e-01 2.77556e-15 
2.00000e-01 6.00000e-01 9.15934e-16 
2.00000e-01 6.25000e-01 -3.16414e-15 
2.00000e-01 6.50000e-01 2.74780e-15 
2.00000e-01 6.75000e-01 -8.43769e-15 
2.00000e-01 7.00000e-01 -3.51108e-15 
2.00000e-01 7.25000e-01 2.01228e-16 
2.00000e-01 7.50000e-01 -1.07592e-15 
2.00000e-01 7.75000e-01 -1.41553e-15 
2.00000e-01 8.00000e-01 5.82867e-15 
2.00000e-01 8.25000e-01 7.29972e-15 
2.00000e-01 8.50000e-01 -1.09357e-14 
2.00000e-01 8.75000e-01 -1.11022e-15 
2.00000e-01 9.00000e-01 2.48135e-14 
2.00000e-01 9.25000e-01 -5.55112e-15 
2.00000e-01 9.50000e-01 -1.12133e-14 
2.00000e-01 9.75000e-01 3.67484e-14 
2.00000e-01 1.00000e+00 0.00000e+00 

2.25000e-01 0.00000e+00 0.00000e+00 
2.25000e-01 2.50000e-02 -2.52576e-15 
2.25000e-01 5.00000e-02 1.49880e-15 
2.25000e-01 7.50000e-02 -2.30371e-15 
2.25000e-01 1.00000e-01 -4.85723e-15 
2.25000e-01 1.25000e-01 -2.27596e-15 
2.25000e-01 1.50000e-01 7.21645e-16 
2.25000e-01 1.75000e-01 -9.71445e-17 
2.25000e-01 2.00000e-01 -7.28584e-16 
2.25000e-01 2.25000e-01 5.79398e-16 
2.25000e-01 2.50000e-01 4.12089e-16 
2.25000e-01 2.75000e-01 1.24553e-15 
2.25000e-01 3.00000e-01 2.01228e-15 
2.25000e-01 3.25000e-01 1.84575e-15 
2.25000e-01 3.50000e-01 2.40086e-15 
2.25000e-01 3.75000e-01 5.68989e-16 
2.25000e-01 4.00000e-01 -3.33067e-16 
2.25000e-01 4.25000e-01 -1.19349e-15 
2.25000e-01 4.50000e-01 -8.04912e-16 
2.25000e-01 4.75000e-01 4.71845e-16 
2.25000e-01 5.00000e-01 8.04912e-16 
2.25000e-01 5.25000e-01 -1.27676e-15 
2.25000e-01 5.50000e-01 -1.49880e-15 
2.25000e-01 5.75000e-01 1.30451e-15 
2.25000e-01 6.00000e-01 7.21645e-16 
2.25000e-01 6.25000e-01 1.56819e-15 
2.25000e-01 6.50000e-01 2.02616e-15 
2.25000e-01 6.75000e-01 1.80411e-15 
2.25000e-01 7.00000e-01 1.31839e-15 
2.25000e-01 7.25000e-01 5.34295e-16 
2.25000e-01 7.50000e-01 4.83549e-16 
2.25000e-01 7.75000e-01 8.67362e-17 
2.25000e-01 8.00000e-01 -1.71391e-15 
2.25000e-01 8.25000e-01 -1.15186e-15 
2.25000e-01 8.50000e-01 1.85962e-15 
2.25000e-01 8.75000e-01 -2.35922e-16 
2.25000e-01 9.00000e-01 -3.83027e-15 
2.25000e-01 9.25000e-01 -2.30371e-15 
2.25000e-01 9.50000e-01 1.11022e-16 
2.25000e-01 9.75000e-01 -8.07687e-15 
2.25000e-01 1.00000e+00 0.00000e+00 

2.50000e-01 0.00000e+00 0.00000e+00 
2.50000e-01 2.50000e-02 -1.02091e-14 
2.50000e-01 5.00000e-02 3.79162e-15 
2.50000e-01 7.50000e-02 2.15080e-15 
2.50000e-01 1.00000e-01 -6.51124e-15 
2.50000e-01 1.25000e-01 7.88009e-16 
2.50000e-01 1.50000e-01 3.40244e-15 
2.50000e-01 1.75000e-01 -1.43316e-15 
2.50000e-01 2.00000e-01 -1.57757e-15 
2.50000e-01 2.25000e-01 4.60878e-16 
2.50000e-01 2.50000e-01 4.09286e-16 
2.50000e-01 2.75000e-01 1.17815e-16 
2.50000e-01 3.00000e-01 7.96940e-16 
2.50000e-01 3.25000e-01 1.32203e-15 
2.50000e-01 3.50000e-01 1.20542e-15 
2.50000e-01 3.75000e-01 6.64144e-16 
2.50000e-01 4.00000e-01 -1.17301e-16 
2.50000e-01 4.25000e-01 2.35466e-16 
2.50000e-01 4.50000e-01 -2.57094e-17 
2.50000e-01 4.75000e-01 -1.28241e-16 
2.50000e-01 5.00000e-01 -5.08466e-16 
2.50000e-01 5.25000e-01 5.76490e-16 
2.50000e-01 5.50000e-01 3.83577e-16 
2.50000e-01 5.75000e-01 -1.27742e-16 
2.50000e-01 6.00000e-01 2.89275e-16 
2.50000e-01 6.25000e-01 7.26486e-16 
2.50000e-01 6.50000e-01 8.39502e-16 
2.50000e-01 6.75000e-01 1.38437e-15 
2.50000e-01 7.00000e-01 1.18725e-15 
2.50000e-01 7.25000e-01 2.75024e-16 
2.50000e-01 7.50000e-01 4.25549e-16 
2.50000e-01 7.75000e-01 7.34639e-16 
2.50000e-01 8.00000e-01 -1.46101e-15 
2.50000e-01 8.25000e-01 -1.38776e-15 
2.50000e-01 8.50000e-01 3.15104e-15 
2.50000e-01 8.75000e-01 2.89276e-16 
2.50000e-01 9.00000e-01 -6.78297e-15 
2.50000e-01 9.25000e-01 2.67697e-15 
2.50000e-01 9.50000e-01 4.48788e-15 
2.50000e-01 9.75000e-01 -9.05825e-15 
2.50000e-01 1.00000e+00 0.00000e+00 

2.75000e-01 0.00000e+00 0.00000e+00 
2.75000e-01 2.50000e-02 -6.82787e-15 
2.75000e-01 5.00000e-02 7.60503e-15 
2.75000e-01 7.50000e-02 2.38698e-15 
2.75000e-01 1.00000e-01 -4.41314e-15 
2.75000e-01 1.25000e-01 1.05471e-15 
2.75000e-01 1.50000e-01 3.69149e-15 
2.75000e-01 1.75000e-01 -1.22125e-15 
2.75000e-01 2.00000e-01 -7.42462e-16 
2.75000e-01 2.25000e-01 1.05124e-15 
2.75000e-01 2.50000e-01 -1.90656e-17 
2.75000e-01 2.75000e-01 -8.56953e-16 
2.75000e-01 3.00000e-01 -2.15106e-16 
2.75000e-01 3.25000e-01 7.91034e-16 
2.75000e-01 3.50000e-01 -7.07767e-16 
2.75000e-01 3.75000e-01 -1.33227e-15 
2.75000e-01 4.00000e-01 9.15934e-16 
2.75000e-01 4.25000e-01 3.05311e-16 
2.75000e-01 4.50000e-01 -6.10623e-16 
2.75000e-01 4.75000e-01 -1.99840e-15 
2.75000e-01 5.00000e-01 1.27676e-15 
2.75000e-01 5.25000e-01 -5.55112e-17 
2.75000e-01 5.50000e-01 -1.22125e-15 
2.75000e-01 5.75000e-01 9.15934e-16 
2.75000e-01 6.00000e-01 -2.77556e-16 
2.75000e-01 6.25000e-01 -7.77156e-16 
2.75000e-01 6.50000e-01 -1.67921e-15 
2.75000e-01 6.75000e-01 6.80012e-16 
2.75000e-01 7.00000e-01 -1.49880e-15 
2.75000e-01 7.25000e-01 -6.93889e-16 
2.75000e-01 7.50000e-01 1.07341e-16 
2.75000e-01 7.75000e-01 2.04697e-16 
2.75000e-01 8.00000e-01 -7.07767e-16 
2.75000e-01 8.25000e-01 -2.16493e-15 
2.75000e-01 8.50000e-01 2.88658e-15 
2.75000e-01 8.75000e-01 2.99760e-15 
2.75000e-01 9.00000e-01 -4.16334e-15 
2.75000e-01 9.25000e-01 3.46945e-15 
2.75000e-01 9.50000e-01 7.57727e-15 
2.75000e-01 9.75000e-01 -8.27116e-15 
2.75000e-01 1.00000e+00 0.00000e+00 

3.00000e-01 0.00000e+00 0.00000e+00 
3.00000e-01 2.50000e-02 -3.12528e-14 
3.00000e-01 5.00000e-02 1.24345e-14 
3.00000e-01 7.50000e-02 9.88098e-15 
3.00000e-01 1.00000e-01 -2.04281e-14 
3.00000e-01 1.25000e-01 2.69229e-15 
3.00000e-01 1.50000e-01 8.99281e-15 
3.00000e-01 1.75000e-01 -3.91354e-15 
3.00000e-01 2.00000e-01 -3.67761e-15 
3.00000e-01 2.25000e-01 1.31839e-15 
3.00000e-01 2.50000e-01 9.67702e-16 
3.00000e-01 2.75000e-01 -9.36751e-16 
3.00000e-01 3.00000e-01 1.45717e-15 
3.00000e-01 3.25000e-01 4.16334e-16 
3.00000e-01 3.50000e-01 -3.05311e-16 
3.00000e-01 3.75000e-01 2.80331e-15 
3.00000e-01 4.00000e-01 -4.21885e-15 
3.00000e-01 4.25000e-01 -2.22045e-16 
3.00000e-01 4.50000e-01 0.00000e+00 
3.00000e-01 4.75000e-01 -6.66134e-16 
3.00000e-01 5.00000e-01 3.99680e-15 
3.00000e-01 5.25000e-01 1.44329e-15 
3.00000e-01 5.50000e-01 -2.77556e-15 
3.00000e-01 5.75000e-01 1.44329e-15 
3.00000e-01 6.00000e-01 -1.11022e-16 
3.00000e-01 6.25000e-01 1.11022e-16 
3.00000e-01 6.50000e-01 4.24660e-15 
3.00000e-01 6.75000e-01 4.13558e-15 
3.00000e-01 7.00000e-01 2.35922e-16 
3.00000e-01 7.25000e-01 5.96745e-16 
3.00000e-01 7.50000e-01 1.05423e-15 
3.00000e-01 7.75000e-01 1.74166e-15 
3.00000e-01 8.00000e-01 -1.70697e-15 
3.00000e-01 8.25000e-01 -3.19189e-15 
3.00000e-01 8.50000e-01 1.22680e-14 
3.00000e-01 8.75000e-01 1.72085e-15 
3.00000e-01 9.00000e-01 -2.10942e-14 
3.00000e-01 9.25000e-01 8.60423e-15 
3.00000e-01 9.50000e-01 1.27676e-14 
3.00000e-01 9.75000e-01 -2.50355e-14 
3.00000e-01 1.00000e+00 0.00000e+00 

3.25000e-01 0.00000e+00 0.00000e+00 
3.25000e-01 2.50000e-02 -2.98650e-14 
3.25000e-01 5.00000e-02 2.30926e-14 
3.25000e-01 7.50000e-02 1.33227e-14 
3.25000e-01 1.00000e-01 -2.80331e-14 
3.25000e-01 1.25000e-01 6.60583e-15 
3.25000e-01 1.50000e-01 9.49241e-15 
3.25000e-01 1.75000e-01 -3.16414e-15 
3.25000e-01 2.00000e-01 -7.13318e-15 
3.25000e-01 2.25000e-01 2.06779e-15 
3.25000e-01 2.50000e-01 1.01304e-15 
3.25000e-01 2.75000e-01 1.24900e-16 
3.25000e-01 3.00000e-01 -2.77556e-16 
3.25000e-01 3.25000e-01 6.91114e-15 
3.25000e-01 3.50000e-01 3.71925e-15 
3.25000e-01 3.75000e-01 -1.11022e-15 
3.25000e-01 4.00000e-01 2.27596e-15 
3.25000e-01 4.25000e-01 -4.21885e-15 
3.25000e-01 4.50000e-01 -2.99760e-15 
3.25000e-01 4.75000e-01 2.05391e-15 
3.25000e-01 5.00000e-01 1.27676e-15 
3.25000e-01 5.25000e-01 -5.55112e-15 
3.25000e-01 5.50000e-01 -1.60982e-15 
3.25000e-01 5.75000e-01 -5.05151e-15 
3.25000e-01 6.00000e-01 -1.22125e-15 
3.25000e-01 6.25000e-01 -9.99201e-16 
3.25000e-01 6.50000e-01 2.38698e-15 
3.25000e-01 6.75000e-01 1.47105e-15 
3.25000e-01 7.00000e-01 3.69149e-15 
3.25000e-01 7.25000e-01 -1.83187e-15 
3.25000e-01 7.50000e-01 1.14591e-15 
3.25000e-01 7.75000e-01 2.48412e-15 
3.25000e-01 8.00000e-01 -7.91034e-15 
3.25000e-01 8.25000e-01 -8.63198e-15 
3.25000e-01 8.50000e-01 1.19349e-14 
3.25000e-01 8.75000e-01 3.21965e-15 
3.25000e-01 9.00000e-01 -2.65898e-14 
3.25000e-01 9.25000e-01 1.18794e-14 
3.25000e-01 9.50000e-01 2.65898e-14 
3.25000e-01 9.75000e-01 -4.10227e-14 
3.25000e-01 1.00000e+00 0.00000e+00 

3.50000e-01 0.00000e+00 0.00000e+00 
3.50000e-01 2.50000e-02 -2.97540e-14 
3.50000e-01 5.00000e-02 1.09912e-14 
3.50000e-01 7.50000e-02 8.21565e-15 
3.50000e-01 1.00000e-01 -1.78746e-14 
3.50000e-01 1.25000e-01 5.88418e-15 
3.50000e-01 1.50000e-01 1.66533e-14 
3.50000e-01 1.75000e-01 -7.93809e-15 
3.50000e-01 2.00000e-01 -4.44089e-15 
3.50000e-01 2.25000e-01 2.13718e-15 
3.50000e-01 2.50000e-01 1.56863e-15 
3.50000e-01 2.75000e-01 8.32667e-17 
3.50000e-01 3.00000e-01 7.21645e-16 
3.50000e-01 3.25000e-01 4.38538e-15 
3.50000e-01 3.50000e-01 7.66054e-15 
3.50000e-01 3.75000e-01 -4.44089e-16 
3.50000e-01 4.00000e-01 1.16573e-15 
3.50000e-01 4.25000e-01 1.66533e-15 
3.50000e-01 4.50000e-01 -9.65894e-15 
3.50000e-01 4.75000e-01 -3.66374e-15 
3.50000e-01 5.00000e-01 -7.21645e-15 
3.50000e-01 5.25000e-01 8.88178e-15 
3.50000e-01 5.50000e-01 -2.66454e-15 
3.50000e-01 5.75000e-01 -1.44329e-15 
3.50000e-01 6.00000e-01 -1.66533e-15 
3.50000e-01 6.25000e-01 -2.77556e-16 
3.50000e-01 6.50000e-01 -4.71845e-15 
3.50000e-01 6.75000e-01 3.88578e-16 
3.50000e-01 7.00000e-01 3.60822e-16 
3.50000e-01 7.25000e-01 1.27676e-15 
3.50000e-01 7.50000e-01 6.28391e-16 
3.50000e-01 7.75000e-01 2.90046e-15 
3.50000e-01 8.00000e-01 -4.32987e-15 
3.50000e-01 8.25000e-01 -5.05151e-15 
3.50000e-01 8.50000e-01 1.55431e-14 
3.50000e-01 8.75000e-01 -3.66374e-15 
3.50000e-01 9.00000e-01 -1.50435e-14 
3.50000e-01 9.25000e-01 2.66454e-15 
3.50000e-01 9.50000e-01 1.78746e-14 
3.50000e-01 9.75000e-01 -2.27596e-14 
3.50000e-01 1.00000e+00 0.00000e+00 

3.75000e-01 0.00000e+00 0.00000e+00 
3.75000e-01 2.50000e-02 -1.31006e-14 
3.75000e-01 5.00000e-02 1.29896e-14 
3.75000e-01 7.50000e-02 9.65894e-15 
3.75000e-01 1.00000e-01 -1.47660e-14 
3.75000e-01 1.25000e-01 -5.21805e-15 
3.75000e-01 1.50000e-01 4.60743e-15 
3.75000e-01 1.75000e-01 4.49640e-15 
3.75000e-01 2.00000e-01 -3.80251e-15 
3.75000e-01 2.25000e-01 1.79023e-15 
3.75000e-01 2.50000e-01 1.73543e-16 
3.75000e-01 2.75000e-01 -1.17961e-15 
3.75000e-01 3.00000e-01 1.08247e-15 
3.75000e-01 3.25000e-01 2.38698e-15 
3.75000e-01 3.50000e-01 -3.21965e-15 
3.75000e-01 3.75000e-01 -1.88738e-15 
3.75000e-01 4.00000e-01 3.55271e-15 
3.75000e-01 4.25000e-01 7.10543e-15 
3.75000e-01 4.50000e-01 3.66374e-15 
3.75000e-01 4.75000e-01 -8.88178e-16 
3.75000e-01 5.00000e-01 -1.13243e-14 
3.75000e-01 5.25000e-01 7.54952e-15 
3.75000e-01 5.50000e-01 2.22045e-15 
3.75000e-01 5.75000e-01 -1.55431e-15 
3.75000e-01 6.00000e-01 -1.99840e-15 
3.75000e-01 6.25000e-01 2.55351e-15 
3.75000e-01 6.50000e-01 3.88578e-15 
3.75000e-01 6.75000e-01 8.10463e-15 
3.75000e-01 7.00000e-01 -3.05311e-16 
3.75000e-01 7.25000e-01 -1.17961e-15 
3.75000e-01 7.50000e-01 1.47430e-15 
3.75000e-01 7.75000e-01 3.85803e-15 
3.75000e-01 8.00000e-01 -3.63598e-15 
3.75000e-01 8.25000e-01 1.16573e-15 
3.75000e-01 8.50000e-01 9.65894e-15 
3.75000e-01 8.75000e-01 1.94289e-15 
3.75000e-01 9.00000e-01 -1.05471e-14 
3.75000e-01 9.25000e-01 2.49800e-14 
3.75000e-01 9.50000e-01 4.66294e-15 
3.75000e-01 9.75000e-01 -1.03251e-14 
3.75000e-01 1.00000e+00 0.00000e+00 

4.00000e-01 0.00000e+00 0.00000e+00 
4.00000e-01 2.50000e-02 -2.88658e-15 
4.00000e-01 5.00000e-02 9.99201e-16 
4.00000e-01 7.50000e-02 1.11022e-15 
4.00000e-01 1.00000e-01 8.54872e-15 
4.00000e-01 1.25000e-01 7.43849e-15 
4.00000e-01 1.50000e-01 -3.94129e-15 
4.00000e-01 1.75000e-01 -2.38698e-15 
4.00000e-01 2.00000e-01 -1.66533e-16 
4.00000e-01 2.25000e-01 -1.44329e-15 
4.00000e-01 2.50000e-01 -2.23010e-16 
4.00000e-01 2.75000e-01 1.13798e-15 
4.00000e-01 3.00000e-01 -1.44329e-15 
4.00000e-01 3.25000e-01 2.22045e-16 
4.00000e-01 3.50000e-01 -4.38538e-15 
4.00000e-01 3.75000e-01 -4.77396e-15 
4.00000e-01 4.00000e-01 -1.27676e-14 
4.00000e-01 4.25000e-01 -1.22125e-14 
4.00000e-01 4.50000e-01 -9.99201e-16 
4.00000e-01 4.75000e-01 0.00000e+00 
4.00000e-01 5.00000e-01 -1.11022e-16 
4.00000e-01 5.25000e-01 1.12133e-14 
4.00000e-01 5.50000e-01 -9.32587e-15 
4.00000e-01 5.75000e-01 -1.33227e-15 
4.00000e-01 6.00000e-01 2.44249e-15 
4.00000e-01 6.25000e-01 -5.88418e-15 
4.00000e-01 6.50000e-01 -5.60663e-15 
4.00000e-01 6.75000e-01 -1.60982e-15 
4.00000e-01 7.00000e-01 3.05311e-15 
4.00000e-01 7.25000e-01 -1.99840e-15 
4.00000e-01 7.50000e-01 -2.85067e-16 
4.00000e-01 7.75000e-01 -1.85962e-15 
4.00000e-01 8.00000e-01 2.41474e-15 
4.00000e-01 8.25000e-01 -1.55431e-15 
4.00000e-01 8.50000e-01 1.05471e-15 
4.00000e-01 8.75000e-01 -7.66054e-15 
4.00000e-01 9.00000e-01 3.33067e-16 
4.00000e-01 9.25000e-01 -1.55431e-15 
4.00000e-01 9.50000e-01 9.99201e-16 
4.00000e-01 9.75000e-01 1.64313e-14 
4.00000e-01 1.00000e+00 0.00000e+00 

4.25000e-01 0.00000e+00 0.00000e+00 
4.25000e-01 2.50000e-02 2.76446e-14 
4.25000e-01 5.00000e-02 -1.48770e-14 
4.25000e-01 7.50000e-02 5.21805e-15 
4.25000e-01 1.00000e-01 1.48770e-14 
4.25000e-01 1.25000e-01 6.77236e-15 
4.25000e-01 1.50000e-01 -5.77316e-15 
4.25000e-01 1.75000e-01 4.10783e-15 
4.25000e-01 2.00000e-01 7.49401e-15 
4.25000e-01 2.25000e-01 -1.97065e-15 
4.25000e-01 2.50000e-01 -6.18344e-16 
4.25000e-01 2.75000e-01 -1.80411e-15 
4.25000e-01 3.00000e-01 8.88178e-16 
4.25000e-01 3.25000e-01 -2.83107e-15 
4.25000e-01 3.50000e-01 2.22045e-16 
4.25000e-01 3.75000e-01 1.11022e-16 
4.25000e-01 4.00000e-01 9.99201e-15 
4.25000e-01 4.25000e-01 8.77076e-15 
4.25000e-01 4.50000e-01 -1.28786e-14 
4.25000e-01 4.75000e-01 -8.32667e-15 
4.25000e-01 5.00000e-01 1.74305e-14 
4.25000e-01 5.25000e-01 -8.21565e-15 
4.25000e-01 5.50000e-01 -1.77636e-15 
4.25000e-01 5.75000e-01 1.13243e-14 
4.25000e-01 6.00000e-01 1.66533e-15 
4.25000e-01 6.25000e-01 7.32747e-15 
4.25000e-01 6.50000e-01 -9.99201e-16 
4.25000e-01 6.75000e-01 -8.16014e-15 
4.25000e-01 7.00000e-01 1.66533e-16 
4.25000e-01 7.25000e-01 -1.55431e-15 
4.25000e-01 7.50000e-01 -7.90423e-16 
4.25000e-01 7.75000e-01 -2.77556e-16 
4.25000e-01 8.00000e-01 1.11022e-16 
4.25000e-01 8.25000e-01 1.11022e-16 
4.25000e-01 8.50000e-01 -6.32827e-15 
4.25000e-01 8.75000e-01 5.55112e-15 
4.25000e-01 9.00000e-01 3.88578e-15 
4.25000e-01 9.25000e-01 -5.88418e-15 
4.25000e-01 9.50000e-01 -2.04281e-14 
4.25000e-01 9.75000e-01 2.47580e-14 
4.25000e-01 1.00000e+00 0.00000e+00 

4.50000e-01 0.00000e+00 0.00000e+00 
4.50000e-01 2.50000e-02 1.25455e-14 
4.50000e-01 5.00000e-02 4.55191e-15 
4.50000e-01 7.50000e-02 -3.66374e-15 
4.50000e-01 1.00000e-01 -7.43849e-15 
4.50000e-01 1.25000e-01 -2.33147e-15 
4.50000e-01 1.50000e-01 -1.11022e-16 
4.50000e-01 1.75000e-01 1.11022e-16 
4.50000e-01 2.00000e-01 4.21885e-15 
4.50000e-01 2.25000e-01 1.27676e-15 
4.50000e-01 2.50000e-01 1.41628e-15 
4.50000e-01 2.75000e-01 1.60982e-15 
4.50000e-01 3.00000e-01 1.44329e-15 
4.50000e-01 3.25000e-01 -4.38538e-15 
4.50000e-01 3.50000e-01 -1.22125e-15 
4.50000e-01 3.75000e-01 9.21485e-15 
4.50000e-01 4.00000e-01 -1.76525e-14 
4.50000e-01 4.25000e-01 -4.55191e-15 
4.50000e-01 4.50000e-01 -1.01030e-14 
4.50000e-01 4.75000e-01 1.50990e-14 
4.50000e-01 5.00000e-01 -1.40998e-14 
4.50000e-01 5.25000e-01 9.65894e-15 
4.50000e-01 5.50000e-01 -4.55191e-15 
4.50000e-01 5.75000e-01 -1.87628e-14 
4.50000e-01 6.00000e-01 -6.66134e-15 
4.50000e-01 6.25000e-01 -1.13243e-14 
4.50000e-01 6.50000e-01 -3.88578e-15 
4.50000e-01 6.75000e-01 2.77556e-15 
4.50000e-01 7.00000e-01 -2.05391e-15 
4.50000e-01 7.25000e-01 1.22125e-15 
4.50000e-01 7.50000e-01 1.56249e-15 
4.50000e-01 7.75000e-01 4.71845e-16 
4.50000e-01 8.00000e-01 6.55032e-15 
4.50000e-01 8.25000e-01 3.05311e-15 
4.50000e-01 8.50000e-01 -7.54952e-15 
4.50000e-01 8.75000e-01 7.54952e-15 
4.50000e-01 9.00000e-01 6.55032e-15 
4.50000e-01 9.25000e-01 -7.77156e-16 
4.50000e-01 9.50000e-01 4.55191e-15 
4.50000e-01 9.75000e-01 1.52101e-14 
4.50000e-01 1.00000e+00 0.00000e+00 

4.75000e-01 0.00000e+00 0.00000e+00 
4.75000e-01 2.50000e-02 2.68674e-14 
4.75000e-01 5.00000e-02 -1.23235e-14 
4.75000e-01 7.50000e-02 5.66214e-15 
4.75000e-01 1.00000e-01 1.65423e-14 
4.75000e-01 1.25000e-01 -1.03251e-14 
4.75000e-01 1.50000e-01 -5.99520e-15 
4.75000e-01 1.75000e-01 -3.55271e-15 
4.75000e-01 2.00000e-01 -6.10623e-16 
4.75000e-01 2.25000e-01 -2.13718e-15 
4.75000e-01 2.50000e-01 -4.94159e-16 
4.75000e-01 2.75000e-01 -3.46945e-15 
4.75000e-01 3.00000e-01 -6.66134e-16 
4.75000e-01 3.25000e-01 -3.49720e-15 
4.75000e-01 3.50000e-01 -9.21485e-15 
4.75000e-01 3.75000e-01 -8.88178e-16 
4.75000e-01 4.00000e-01 1.66533e-14 
4.75000e-01 4.25000e-01 -2.77556e-15 
4.75000e-01 4.50000e-01 -1.55431e-15 
4.75000e-01 4.75000e-01 -4.77396e-15 
4.75000e-01 5.00000e-01 -7.77156e-16 
4.75000e-01 5.25000e-01 -1.02141e-14 
4.75000e-01 5.50000e-01 9.54792e-15 
4.75000e-01 5.75000e-01 -5.88418e-15 
4.75000e-01 6.00000e-01 1.09912e-14 
4.75000e-01 6.25000e-01 4.88498e-15 
4.75000e-01 6.50000e-01 2.10942e-15 
4.75000e-01 6.75000e-01 -3.27516e-15 
4.75000e-01 7.00000e-01 -1.33227e-15 
4.75000e-01 7.25000e-01 -3.33067e-16 
4.75000e-01 7.50000e-01 -1.72676e-15 
4.75000e-01 7.75000e-01 3.88578e-16 
4.75000e-01 8.00000e-01 9.99201e-16 
4.75000e-01 8.25000e-01 -6.10623e-16 
4.75000e-01 8.50000e-01 5.88418e-15 
4.75000e-01 8.75000e-01 -4.55191e-15 
4.75000e-01 9.00000e-01 8.32667e-15 
4.75000e-01 9.25000e-01 2.99760e-15 
4.75000e-01 9.50000e-01 -1.22125e-15 
4.75000e-01 9.75000e-01 1.28786e-14 
4.75000e-01 1.00000e+00 0.00000e+00 

5.00000e-01 0.00000e+00 0.00000e+00 
5.00000e-01 2.50000e-02 1.45439e-14 
5.00000e-01 5.00000e-02 -1.08802e-14 
5.00000e-01 7.50000e-02 -6.66134e-16 
5.00000e-01 1.00000e-01 -8.32667e-15 
5.00000e-01 1.25000e-01 5.66214e-15 
5.00000e-01 1.50000e-01 -3.88578e-15 
5.00000e-01 1.75000e-01 4.16334e-15 
5.00000e-01 2.00000e-01 9.99201e-16 
5.00000e-01 2.25000e-01 -2.05391e-15 
5.00000e-01 2.50000e-01 1.23981e-15 
5.00000e-01 2.75000e-01 -1.38778e-15 
5.00000e-01 3.00000e-01 6.77236e-15 
5.00000e-01 3.25000e-01 1.27676e-15 
5.00000e-01 3.50000e-01 -3.33067e-16 
5.00000e-01 3.75000e-01 2.55351e-15 
5.00000e-01 4.00000e-01 -8.43769e-15 
5.00000e-01 4.25000e-01 9.10383e-15 
5.00000e-01 4.50000e-01 -2.22045e-16 
5.00000e-01 4.75000e-01 -3.55271e-15 
5.00000e-01 5.00000e-01 4.88498e-15 
5.00000e-01 5.25000e-01 7.66054e-15 
5.00000e-01 5.50000e-01 -2.22045e-16 
5.00000e-01 5.75000e-01 -7.88258e-15 
5.00000e-01 6.00000e-01 -8.54872e-15 
5.00000e-01 6.25000e-01 4.21885e-15 
5.00000e-01 6.50000e-01 -4.21885e-15 
5.00000e-01 6.75000e-01 7.04992e-15 
5.00000e-01 7.00000e-01 3.27516e-15 
5.00000e-01 7.25000e-01 -7.77156e-16 
5.00000e-01 7.50000e-01 9.69608e-17 
5.00000e-01 7.75000e-01 2.77556e-15 
5.00000e-01 8.00000e-01 6.77236e-15 
5.00000e-01 8.25000e-01 1.55431e-15 
5.00000e-01 8.50000e-01 -4.55191e-15 
5.00000e-01 8.75000e-01 -7.99361e-15 
5.00000e-01 9.00000e-01 1.12133e-14 
5.00000e-01 9.25000e-01 -5.55112e-16 
5.00000e-01 9.50000e-01 -2.55351e-15 
5.00000e-01 9.75000e-01 1.72085e-14 
5.00000e-01 1.00000e+00 0.00000e+00 

5.25000e-01 0.00000e+00 0.00000e+00 
5.25000e-01 2.50000e-02 2.12053e-14 
5.25000e-01 5.00000e-02 -1.24345e-14 
5.25000e-01 7.50000e-02 5.55112e-15 
5.25000e-01 1.00000e-01 5.32907e-15 
5.25000e-01 1.25000e-01 6.21725e-15 
5.25000e-01 1.50000e-01 -7.54952e-15 
5.25000e-01 1.75000e-01 6.77236e-15 
5.25000e-01 2.00000e-01 3.88578e-15 
5.25000e-01 2.25000e-01 7.21645e-16 
5.25000e-01 2.50000e-01 -3.20687e-16 
5.25000e-01 2.75000e-01 1.05471e-15 
5.25000e-01 3.00000e-01 7.21645e-16 
5.25000e-01 3.25000e-01 -6.66134e-16 
5.25000e-01 3.50000e-01 -8.88178e-16 
5.25000e-01 3.75000e-01 -1.18794e-14 
5.25000e-01 4.00000e-01 1.39888e-14 
5.25000e-01 4.25000e-01 2.88658e-15 
5.25000e-01 4.50000e-01 4.10783e-15 
5.25000e-01 4.75000e-01 -1.02141e-14 
5.25000e-01 5.00000e-01 7.66054e-15 
5.25000e-01 5.25000e-01 -1.28786e-14 
5.25000e-01 5.50000e-01 -1.44329e-15 
5.25000e-01 5.75000e-01 1.36557e-14 
5.25000e-01 6.00000e-01 5.55112e-15 
5.25000e-01 6.25000e-01 -7.43849e-15 
5.25000e-01 6.50000e-01 -6.66134e-16 
5.25000e-01 6.75000e-01 -5.32907e-15 
5.25000e-01 7.00000e-01 -3.44169e-15 
5.25000e-01 7.25000e-01 2.88658e-15 
5.25000e-01 7.50000e-01 -1.03287e-15 
5.25000e-01 7.75000e-01 -6.93889e-16 
5.25000e-01 8.00000e-01 9.99201e-16 
5.25000e-01 8.25000e-01 -3.44169e-15 
5.25000e-01 8.50000e-01 -3.99680e-15 
5.25000e-01 8.75000e-01 6.43929e-15 
5.25000e-01 9.00000e-01 -2.88658e-15 
5.25000e-01 9.25000e-01 -8.21565e-15 
5.25000e-01 9.50000e-01 -1.33227e-15 
5.25000e-01 9.75000e-01 1.55431e-14 
5.25000e-01 1.00000e+00 0.00000e+00 

5.50000e-01 0.00000e+00 0.00000e+00 
5.50000e-01 2.50000e-02 2.64233e-14 
5.50000e-01 5.00000e-02 1.77636e-15 
5.50000e-01 7.50000e-02 -9.21485e-15 
5.50000e-01 1.00000e-01 1.19904e-14 
5.50000e-01 1.25000e-01 -5.21805e-15 
5.50000e-01 1.50000e-01 2.66454e-15 
5.50000e-01 1.75000e-01 7.77156e-16 
5.50000e-01 2.00000e-01 4.44089e-16 
5.50000e-01 2.25000e-01 -2.88658e-15 
5.50000e-01 2.50000e-01 1.15237e-16 
5.50000e-01 2.75000e-01 2.99760e-15 
5.50000e-01 3.00000e-01 -6.21725e-15 
5.50000e-01 3.25000e-01 1.16573e-15 
5.50000e-01 3.50000e-01 -2.66454e-15 
5.50000e-01 3.75000e-01 9.21485e-15 
5.50000e-01 4.00000e-01 -9.32587e-15 
5.50000e-01 4.25000e-01 -4.55191e-15 
5.50000e-01 4.50000e-01 -1.28786e-14 
5.50000e-01 4.75000e-01 3.99680e-15 
5.50000e-01 5.00000e-01 -2.99760e-15 
5.50000e-01 5.25000e-01 -1.44329e-15 
5.50000e-01 5.50000e-01 1.48770e-14 
5.50000e-01 5.75000e-01 -2.15383e-14 
5.50000e-01 6.00000e-01 -1.11022e-15 
5.50000e-01 6.25000e-01 -1.66533e-15 
5.50000e-01 6.50000e-01 3.33067e-16 
5.50000e-01 6.75000e-01 -4.16334e-15 
5.50000e-01 7.00000e-01 0.00000e+00 
5.50000e-01 7.25000e-01 0.00000e+00 
5.50000e-01 7.50000e-01 -1.72238e-16 
5.50000e-01 7.75000e-01 8.32667e-16 
5.50000e-01 8.00000e-01 5.88418e-15 
5.50000e-01 8.25000e-01 4.44089e-15 
5.50000e-01 8.50000e-01 -1.31006e-14 
5.50000e-01 8.75000e-01 1.03251e-14 
5.50000e-01 9.00000e-01 -7.32747e-15 
5.50000e-01 9.25000e-01 4.77396e-15 
5.50000e-01 9.50000e-01 -9.32587e-15 
5.50000e-01 9.75000e-01 1.52101e-14 
5.50000e-01 1.00000e+00 0.00000e+00 

5.75000e-01 0.00000e+00 0.00000e+00 
5.75000e-01 2.50000e-02 2.24265e-14 
5.75000e-01 5.00000e-02 -1.17684e-14 
5.75000e-01 7.50000e-02 8.21565e-15 
5.75000e-01 1.00000e-01 1.23235e-14 
5.75000e-01 1.25000e-01 2.77556e-15 
5.75000e-01 1.50000e-01 -4.10783e-15 
5.75000e-01 1.75000e-01 -4.05231e-15 
5.75000e-01 2.00000e-01 3.49720e-15 
5.75000e-01 2.25000e-01 -1.94289e-16 
5.75000e-01 2.50000e-01 -1.13876e-15 
5.75000e-01 2.75000e-01 5.55112e-16 
5.75000e-01 3.00000e-01 2.10942e-15 
5.75000e-01 3.25000e-01 -2.94209e-15 
5.75000e-01 3.50000e-01 0.00000e+00 
5.75000e-01 3.75000e-01 -2.88658e-15 
5.75000e-01 4.00000e-01 1.44329e-15 
5.75000e-01 4.25000e-01 8.54872e-15 
5.75000e-01 4.50000e-01 8.99281e-15 
5.75000e-01 4.75000e-01 7.99361e-15 
5.75000e-01 5.00000e-01 -5.10703e-15 
5.75000e-01 5.25000e-01 8.10463e-15 
5.75000e-01 5.50000e-01 -7.66054e-15 
5.75000e-01 5.75000e-01 8.21565e-15 
5.75000e-01 6.00000e-01 4.10783e-15 
5.75000e-01 6.25000e-01 4.21885e-15 
5.75000e-01 6.50000e-01 1.66533e-15 
5.75000e-01 6.75000e-01 -4.16334e-15 
5.75000e-01 7.00000e-01 -9.99201e-16 
5.75000e-01 7.25000e-01 -6.38378e-16 
5.75000e-01 7.50000e-01 9.00933e-16 
5.75000e-01 7.75000e-01 -1.24900e-15 
5.75000e-01 8.00000e-01 2.99760e-15 
5.75000e-01 8.25000e-01 1.60982e-15 
5.75000e-01 8.50000e-01 -5.55112e-16 
5.75000e-01 8.75000e-01 1.13243e-14 
5.75000e-01 9.00000e-01 6.88338e-15 
5.75000e-01 9.25000e-01 -2.77556e-15 
5.75000e-01 9.50000e-01 -8.99281e-15 
5.75000e-01 9.75000e-01 1.95399e-14 
5.75000e-01 1.00000e+00 0.00000e+00 

6.00000e-01 0.00000e+00 0.00000e+00 
6.00000e-01 2.50000e-02 0.00000e+00 
6.00000e-01 5.00000e-02 3.88578e-15 
6.00000e-01 7.50000e-02 -7.10543e-15 
6.00000e-01 1.00000e-01 -3.88578e-15 
6.00000e-01 1.25000e-01 5.99520e-15 
6.00000e-01 1.50000e-01 3.05311e-15 
6.00000e-01 1.75000e-01 1.11022e-15 
6.00000e-01 2.00000e-01 5.82867e-16 
6.00000e-01 2.25000e-01 -1.94289e-16 
6.00000e-01 2.50000e-01 -6.13323e-16 
6.00000e-01 2.75000e-01 -2.77556e-16 
6.00000e-01 3.00000e-01 -1.11022e-16 
6.00000e-01 3.25000e-01 -3.99680e-15 
6.00000e-01 3.50000e-01 -5.82867e-15 
6.00000e-01 3.75000e-01 3.55271e-15 
6.00000e-01 4.00000e-01 -1.77636e-15 
6.00000e-01 4.25000e-01 -1.77636e-14 
6.00000e-01 4.50000e-01 -9.43690e-15 
6.00000e-01 4.75000e-01 -8.43769e-15 
6.00000e-01 5.00000e-01 2.55351e-15 
6.00000e-01 5.25000e-01 2.77556e-15 
6.00000e-01 5.50000e-01 -1.22125e-14 
6.00000e-01 5.75000e-01 6.88338e-15 
6.00000e-01 6.00000e-01 -1.57652e-14 
6.00000e-01 6.25000e-01 -4.66294e-15 
6.00000e-01 6.50000e-01 -7.04992e-15 
6.00000e-01 6.75000e-01 5.93969e-15 
6.00000e-01 7.00000e-01 -4.44089e-16 
6.00000e-01 7.25000e-01 -1.72085e-15 
6.00000e-01 7.50000e-01 -7.18748e-16 
6.00000e-01 7.75000e-01 -4.71845e-16 
6.00000e-01 8.00000e-01 1.77636e-15 
6.00000e-01 8.25000e-01 -4.32987e-15 
6.00000e-01 8.50000e-01 1.11022e-15 
6.00000e-01 8.75000e-01 -6.66134e-16 
6.00000e-01 9.00000e-01 -3.77476e-15 
6.00000e-01 9.25000e-01 1.33227e-15 
6.00000e-01 9.50000e-01 6.66134e-15 
6.00000e-01 9.75000e-01 2.66454e-15 
6.00000e-01 1.00000e+00 0.00000e+00 

6.25000e-01 0.00000e+00 0.00000e+00 
6.25000e-01 2.50000e-02 -1.33227e-14 
6.25000e-01 5.00000e-02 4.44089e-15 
6.25000e-01 7.50000e-02 3.88578e-15 
6.25000e-01 1.00000e-01 -5.32907e-15 
6.25000e-01 1.25000e-01 1.66533e-15 
6.25000e-01 1.50000e-01 4.44089e-15 
6.25000e-01 1.75000e-01 -1.16573e-15 
6.25000e-01 2.00000e-01 -1.08247e-15 
6.25000e-01 2.25000e-01 2.38698e-15 
6.25000e-01 2.50000e-01 1.73543e-16 
6.25000e-01 2.75000e-01 9.43690e-16 
6.25000e-01 3.00000e-01 1.16573e-15 
6.25000e-01 3.25000e-01 -2.77556e-16 
6.25000e-01 3.50000e-01 1.11022e-15 
6.25000e-01 3.75000e-01 -2.99760e-15 
6.25000e-01 4.00000e-01 -1.77636e-15 
6.25000e-01 4.25000e-01 1.14353e-14 
6.25000e-01 4.50000e-01 1.11022e-15 
6.25000e-01 4.75000e-01 7.66054e-15 
6.25000e-01 5.00000e-01 0.00000e+00 
6.25000e-01 5.25000e-01 4.99600e-15 
6.25000e-01 5.50000e-01 -1.55431e-14 
6.25000e-01 5.75000e-01 4.21885e-15 
6.25000e-01 6.00000e-01 8.88178e-16 
6.25000e-01 6.25000e-01 -1.11022e-16 
6.25000e-01 6.50000e-01 8.21565e-15 
6.25000e-01 6.75000e-01 -4.32987e-15 
6.25000e-01 7.00000e-01 -2.22045e-16 
6.25000e-01 7.25000e-01 1.66533e-16 
6.25000e-01 7.50000e-01 6.50310e-16 
6.25000e-01 7.75000e-01 3.48332e-15 
6.25000e-01 8.00000e-01 -3.69149e-15 
6.25000e-01 8.25000e-01 3.33067e-16 
6.25000e-01 8.50000e-01 8.16014e-15 
6.25000e-01 8.75000e-01 -5.21805e-15 
6.25000e-01 9.00000e-01 -3.77476e-15 
6.25000e-01 9.25000e-01 1.09912e-14 
6.25000e-01 9.50000e-01 4.44089e-15 
6.25000e-01 9.75000e-01 -7.77156e-15 
6.25000e-01 1.00000e+00 0.00000e+00 

6.50000e-01 0.00000e+00 0.00000e+00 
6.50000e-01 2.50000e-02 -1.74305e-14 
6.50000e-01 5.00000e-02 1.63203e-14 
6.50000e-01 7.50000e-02 1.77636e-14 
6.50000e-01 1.00000e-01 -1.94289e-14 
6.50000e-01 1.25000e-01 1.60982e-15 
6.50000e-01 1.50000e-01 1.23235e-14 
6.50000e-01 1.75000e-01 -1.11022e-15 
6.50000e-01 2.00000e-01 -2.10942e-15 
6.50000e-01 2.25000e-01 -1.09635e-15 
6.50000e-01 2.50000e-01 1.17831e-15 
6.50000e-01 2.75000e-01 -5.68989e-16 
6.50000e-01 3.00000e-01 1.47105e-15 
6.50000e-01 3.25000e-01 4.49640e-15 
6.50000e-01 3.50000e-01 -5.55112e-16 
6.50000e-01 3.75000e-01 3.88578e-15 
6.50000e-01 4.00000e-01 -6.99441e-15 
6.50000e-01 4.25000e-01 -3.66374e-15 
6.50000e-01 4.50000e-01 -6.55032e-15 
6.50000e-01 4.75000e-01 -2.10942e-15 
6.50000e-01 5.00000e-01 -2.77556e-15 
6.50000e-01 5.25000e-01 -1.99840e-15 
6.50000e-01 5.50000e-01 4.55191e-15 
6.50000e-01 5.75000e-01 -1.22125e-15 
6.50000e-01 6.00000e-01 -7.04992e-15 
6.50000e-01 6.25000e-01 1.27676e-15 
6.50000e-01 6.50000e-01 -5.27356e-15 
6.50000e-01 6.75000e-01 1.88738e-15 
6.50000e-01 7.00000e-01 4.94049e-15 
6.50000e-01 7.25000e-01 -5.13478e-16 
6.50000e-01 7.50000e-01 1.45239e-15 
6.50000e-01 7.75000e-01 3.20577e-15 
6.50000e-01 8.00000e-01 -4.05231e-15 
6.50000e-01 8.25000e-01 -4.49640e-15 
6.50000e-01 8.50000e-01 1.26565e-14 
6.50000e-01 8.75000e-01 5.88418e-15 
6.50000e-01 9.00000e-01 -1.93734e-14 
6.50000e-01 9.25000e-01 2.44249e-15 
6.50000e-01 9.50000e-01 2.32037e-14 
6.50000e-01 9.75000e-01 -2.57572e-14 
6.50000e-01 1.00000e+00 0.00000e+00 

6.75000e-01 0.00000e+00 0.00000e+00 
6.75000e-01 2.50000e-02 -3.70259e-14 
6.75000e-01 5.00000e-02 1.80411e-14 
6.75000e-01 7.50000e-02 9.60343e-15 
6.75000e-01 1.00000e-01 -2.95874e-14 
6.75000e-01 1.25000e-01 6.43929e-15 
6.75000e-01 1.50000e-01 7.93809e-15 
6.75000e-01 1.75000e-01 -5.32907e-15 
6.75000e-01 2.00000e-01 -8.60423e-15 
6.75000e-01 2.25000e-01 1.15186e-15 
6.75000e-01 2.50000e-01 8.17879e-16 
6.75000e-01 2.75000e-01 -7.21645e-16 
6.75000e-01 3.00000e-01 3.96905e-15 
6.75000e-01 3.25000e-01 3.91354e-15 
6.75000e-01 3.50000e-01 1.77636e-15 
6.75000e-01 3.75000e-01 5.32907e-15 
6.75000e-01 4.00000e-01 4.44089e-16 
6.75000e-01 4.25000e-01 1.66533e-16 
6.75000e-01 4.50000e-01 5.55112e-15 
6.75000e-01 4.75000e-01 -1.88738e-15 
6.75000e-01 5.00000e-01 1.49880e-15 
6.75000e-01 5.25000e-01 -1.83187e-15 
6.75000e-01 5.50000e-01 -1.38778e-15 
6.75000e-01 5.75000e-01 -5.55112e-15 
6.75000e-01 6.00000e-01 4.55191e-15 
6.75000e-01 6.25000e-01 2.60902e-15 
6.75000e-01 6.50000e-01 3.99680e-15 
6.75000e-01 6.75000e-01 1.91513e-15 
6.75000e-01 7.00000e-01 8.32667e-16 
6.75000e-01 7.25000e-01 -5.41234e-16 
6.75000e-01 7.50000e-01 7.12234e-16 
6.75000e-01 7.75000e-01 2.27596e-15 
6.75000e-01 8.00000e-01 -7.27196e-15 
6.75000e-01 8.25000e-01 -9.43690e-15 
6.75000e-01 8.50000e-01 1.04361e-14 
6.75000e-01 8.75000e-01 7.21645e-15 
6.75000e-01 9.00000e-01 -2.95874e-14 
6.75000e-01 9.25000e-01 1.93734e-14 
6.75000e-01 9.50000e-01 1.66533e-14 
6.75000e-01 9.75000e-01 -4.12448e-14 
6.75000e-01 1.00000e+00 0.00000e+00 

7.00000e-01 0.00000e+00 0.00000e+00 
7.00000e-01 2.50000e-02 -2.77556e-14 
7.00000e-01 5.00000e-02 1.38778e-14 
7.00000e-01 7.50000e-02 1.02141e-14 
7.00000e-01 1.00000e-01 -2.00673e-14 
7.00000e-01 1.25000e-01 2.33147e-15 
7.00000e-01 1.50000e-01 1.14075e-14 
7.00000e-01 1.75000e-01 -3.21965e-15 
7.00000e-01 2.00000e-01 -2.47025e-15 
7.00000e-01 2.25000e-01 1.72778e-15 
7.00000e-01 2.50000e-01 8.05072e-16 
7.00000e-01 2.75000e-01 -2.42861e-16 
7.00000e-01 3.00000e-01 4.16334e-16 
7.00000e-01 3.25000e-01 1.80411e-15 
7.00000e-01 3.50000e-01 2.77556e-17 
7.00000e-01 3.75000e-01 1.77636e-15 
7.00000e-01 4.00000e-01 2.72005e-15 
7.00000e-01 4.25000e-01 -3.99680e-15 
7.00000e-01 4.50000e-01 -3.44169e-15 
7.00000e-01 4.75000e-01 7.21645e-16 
7.00000e-01 5.00000e-01 -8.88178e-16 
7.00000e-01 5.25000e-01 1.44329e-15 
7.00000e-01 5.50000e-01 -4.82947e-15 
7.00000e-01 5.75000e-01 -6.66134e-16 
7.00000e-01 6.00000e-01 -1.49880e-15 
7.00000e-01 6.25000e-01 -1.60982e-15 
7.00000e-01 6.50000e-01 4.24660e-15 
7.00000e-01 6.75000e-01 2.94209e-15 
7.00000e-01 7.00000e-01 1.62370e-15 
7.00000e-01 7.25000e-01 3.40006e-16 
7.00000e-01 7.50000e-01 9.78337e-16 
7.00000e-01 7.75000e-01 2.26208e-15 
7.00000e-01 8.00000e-01 -2.40086e-15 
7.00000e-01 8.25000e-01 -2.49800e-15 
7.00000e-01 8.50000e-01 1.01863e-14 
7.00000e-01 8.75000e-01 -1.74860e-15 
7.00000e-01 9.00000e-01 -1.65978e-14 
7.00000e-01 9.25000e-01 7.49401e-15 
7.00000e-01 9.50000e-01 1.59317e-14 
7.00000e-01 9.75000e-01 -2.15938e-14 
7.00000e-01 1.00000e+00 0.00000e+00 

7.25000e-01 0.00000e+00 0.00000e+00 
7.25000e-01 2.50000e-02 -7.13318e-15 
7.25000e-01 5.00000e-02 4.44089e-15 
7.25000e-01 7.50000e-02 5.05151e-15 
7.25000e-01 1.00000e-01 -5.27356e-15 
7.25000e-01 1.25000e-01 3.88578e-16 
7.25000e-01 1.50000e-01 4.23273e-15 
7.25000e-01 1.75000e-01 -2.34535e-15 
7.25000e-01 2.00000e-01 -9.50628e-16 
7.25000e-01 2.25000e-01 5.58581e-16 
7.25000e-01 2.50000e-01 -1.58657e-16 
7.25000e-01 2.75000e-01 -1.01655e-15 
7.25000e-01 3.00000e-01 -5.06539e-16 
7.25000e-01 3.25000e-01 -9.71445e-17 
7.25000e-01 3.50000e-01 -4.16334e-16 
7.25000e-01 3.75000e-01 -1.09635e-15 
7.25000e-01 4.00000e-01 -6.10623e-16 
7.25000e-01 4.25000e-01 5.27356e-16 
7.25000e-01 4.50000e-01 7.77156e-16 
7.25000e-01 4.75000e-01 -5.27356e-16 
7.25000e-01 5.00000e-01 2.60902e-15 
7.25000e-01 5.25000e-01 -2.58127e-15 
7.25000e-01 5.50000e-01 -6.10623e-16 
7.25000e-01 5.75000e-01 1.16573e-15 
7.25000e-01 6.00000e-01 -9.71445e-16 
7.25000e-01 6.25000e-01 -1.40166e-15 
7.25000e-01 6.50000e-01 -1.60982e-15 
7.25000e-01 6.75000e-01 -2.35922e-16 
7.25000e-01 7.00000e-01 -1.11022e-15 
7.25000e-01 7.25000e-01 -8.32667e-16 
7.25000e-01 7.50000e-01 -1.01368e-16 
7.25000e-01 7.75000e-01 8.98587e-16 
7.25000e-01 8.00000e-01 -1.34615e-15 
7.25000e-01 8.25000e-01 -1.27676e-15 
7.25000e-01 8.50000e-01 2.74780e-15 
7.25000e-01 8.75000e-01 4.23273e-15 
7.25000e-01 9.00000e-01 -6.32827e-15 
7.25000e-01 9.25000e-01 2.96985e-15 
7.25000e-01 9.50000e-01 6.85563e-15 
7.25000e-01 9.75000e-01 -9.24261e-15 
7.25000e-01 1.00000e+00 0.00000e+00 

7.50000e-01 0.00000e+00 0.00000e+00 
7.50000e-01 2.50000e-02 -9.37649e-15 
7.50000e-01 5.00000e-02 4.83160e-15 
7.50000e-01 7.50000e-02 1.44535e-15 
7.50000e-01 1.00000e-01 -6.64231e-15 
7.50000e-01 1.25000e-01 1.37091e-16 
7.50000e-01 1.50000e-01 2.16004e-15 
7.50000e-01 1.75000e-01 -1.85200e-15 
7.50000e-01 2.00000e-01 -1.84299e-15 
7.50000e-01 2.25000e-01 3.34471e-16 
7.50000e-01 2.50000e-01 1.97867e-16 
7.50000e-01 2.75000e-01 -2.16564e-16 
7.50000e-01 3.00000e-01 7.91312e-16 
7.50000e-01 3.25000e-01 1.36818e-15 
7.50000e-01 3.50000e-01 9.26547e-16 
7.50000e-01 3.75000e-01 -1.51999e-16 
7.50000e-01 4.00000e-01 -9.80420e-17 
7.50000e-01 4.25000e-01 -5.89845e-16 
7.50000e-01 4.50000e-01 -4.67684e-16 
7.50000e-01 4.75000e-01 -1.35694e-16 
7.50000e-01 5.00000e-01 -4.99350e-16 
7.50000e-01 5.25000e-01 6.61195e-16 
7.50000e-01 5.50000e-01 2.91258e-16 
7.50000e-01 5.75000e-01 -7.25371e-16 
7.50000e-01 6.00000e-01 -1.57673e-16 
7.50000e-01 6.25000e-01 2.13919e-16 
7.50000e-01 6.50000e-01 8.45232e-16 
7.50000e-01 6.75000e-01 1.22859e-15 
7.50000e-01 7.00000e-01 3.84737e-16 
7.50000e-01 7.25000e-01 -2.27406e-16 
7.50000e-01 7.50000e-01 8.94467e-17 
7.50000e-01 7.75000e-01 3.96813e-16 
7.50000e-01 8.00000e-01 -1.66681e-15 
7.50000e-01 8.25000e-01 -1.31126e-15 
7.50000e-01 8.50000e-01 3.36960e-15 
7.50000e-01 8.75000e-01 2.44834e-16 
7.50000e-01 9.00000e-01 -6.29502e-15 
7.50000e-01 9.25000e-01 2.62543e-15 
7.50000e-01 9.50000e-01 4.94019e-15 
7.50000e-01 9.75000e-01 -9.28122e-15 
7.50000e-01 1.00000e+00 0.00000e+00 

7.75000e-01 0.00000e+00 0.00000e+00 
7.75000e-01 2.50000e-02 -6.91114e-15 
7.75000e-01 5.00000e-02 1.41553e-15 
7.75000e-01 7.50000e-02 3.33067e-16 
7.75000e-01 1.00000e-01 -4.13558e-15 
7.75000e-01 1.25000e-01 -3.01148e-15 
7.75000e-01 1.50000e-01 2.09555e-15 
7.75000e-01 1.75000e-01 -1.11022e-15 
7.75000e-01 2.00000e-01 -1.56819e-15 
7.75000e-01 2.25000e-01 3.46945e-17 
7.75000e-01 2.50000e-01 5.54390e-16 
7.75000e-01 2.75000e-01 1.32880e-15 
7.75000e-01 3.00000e-01 1.53350e-15 
7.75000e-01 3.25000e-01 1.72085e-15 
7.75000e-01 3.50000e-01 1.31839e-15 
7.75000e-01 3.75000e-01 3.12250e-15 
7.75000e-01 4.00000e-01 -2.77556e-16 
7.75000e-01 4.25000e-01 9.43690e-16 
7.75000e-01 4.50000e-01 -1.52656e-15 
7.75000e-01 4.75000e-01 -9.43690e-16 
7.75000e-01 5.00000e-01 1.47105e-15 
7.75000e-01 5.25000e-01 -9.71445e-16 
7.75000e-01 5.50000e-01 -6.93889e-16 
7.75000e-01 5.75000e-01 -7.77156e-16 
7.75000e-01 6.00000e-01 7.77156e-16 
7.75000e-01 6.25000e-01 1.04083e-15 
7.75000e-01 6.50000e-01 9.43690e-16 
7.75000e-01 6.75000e-01 3.37230e-15 
7.75000e-01 7.00000e-01 1.44329e-15 
7.75000e-01 7.25000e-01 1.45023e-15 
7.75000e-01 7.50000e-01 5.35049e-16 
7.75000e-01 7.75000e-01 -3.81639e-16 
7.75000e-01 8.00000e-01 -4.99600e-16 
7.75000e-01 8.25000e-01 -1.58207e-15 
7.75000e-01 8.50000e-01 2.20657e-15 
7.75000e-01 8.75000e-01 -2.95597e-15 
7.75000e-01 9.00000e-01 -5.38458e-15 
7.75000e-01 9.25000e-01 -1.66533e-16 
7.75000e-01 9.50000e-01 -2.02616e-15 
7.75000e-01 9.75000e-01 -5.19029e-15 
7.75000e-01 1.00000e+00 0.00000e+00 

8.00000e-01 0.00000e+00 0.00000e+00 
8.00000e-01 2.50000e-02 3.29736e-14 
8.00000e-01 5.00000e-02 -1.45439e-14 
8.00000e-01 7.50000e-02 -7.77156e-15 
8.00000e-01 1.00000e-01 2.29539e-14 
8.00000e-01 1.25000e-01 2.27596e-15 
8.00000e-01 1.50000e-01 -9.88098e-15 
8.00000e-01 1.75000e-01 7.07767e-15 
8.00000e-01 2.00000e-01 6.17562e-15 
8.00000e-01 2.25000e-01 -1.11022e-15 
8.00000e-01 2.50000e-01 -1.40138e-15 
8.00000e-01 2.75000e-01 -6.52256e-16 
8.00000e-01 3.00000e-01 -3.96905e-15 
8.00000e-01 3.25000e-01 -4.94049e-15 
8.00000e-01 3.50000e-01 -4.69069e-15 
8.00000e-01 3.75000e-01 -1.91513e-15 
8.00000e-01 4.00000e-01 2.80331e-15 
8.00000e-01 4.25000e-01 2.16493e-15 
8.00000e-01 4.50000e-01 5.88418e-15 
8.00000e-01 4.75000e-01 3.77476e-15 
8.00000e-01 5.00000e-01 5.38458e-15 
8.00000e-01 5.25000e-01 -5.55112e-17 
8.00000e-01 5.50000e-01 7.21645e-15 
8.00000e-01 5.75000e-01 4.05231e-15 
8.00000e-01 6.00000e-01 -6.38378e-16 
8.00000e-01 6.25000e-01 2.55351e-15 
8.00000e-01 6.50000e-01 -5.10703e-15 
8.00000e-01 6.75000e-01 -7.60503e-15 
8.00000e-01 7.00000e-01 -3.09475e-15 
8.00000e-01 7.25000e-01 -1.11022e-15 
8.00000e-01 7.50000e-01 -1.52044e-15 
8.00000e-01 7.75000e-01 -9.29812e-16 
8.00000e-01 8.00000e-01 5.93969e-15 
8.00000e-01 8.25000e-01 4.91274e-15 
8.00000e-01 8.50000e-01 -1.14075e-14 
8.00000e-01 8.75000e-01 1.38778e-16 
8.00000e-01 9.00000e-01 2.84495e-14 
8.00000e-01 9.25000e-01 -6.77236e-15 
8.00000e-01 9.50000e-01 -1.34892e-14 
8.00000e-01 9.75000e-01 3.37508e-14 
8.00000e-01 1.00000e+00 0.00000e+00 

8.25000e-01 0.00000e+00 0.00000e+00 
8.25000e-01 2.50000e-02 2.56462e-14 
8.25000e-01 5.00000e-02 -6.49480e-15 
8.25000e-01 7.50000e-02 -4.99600e-15 
8.25000e-01 1.00000e-01 2.38143e-14 
8.25000e-01 1.25000e-01 -3.16414e-15 
8.25000e-01 1.50000e-01 -1.08802e-14 
8.25000e-01 1.75000e-01 3.49720e-15 
8.25000e-01 2.00000e-01 4.19109e-15 
8.25000e-01 2.25000e-01 -1.98452e-15 
8.25000e-01 2.50000e-01 -1.35998e-15 
8.25000e-01 2.75000e-01 -9.71445e-16 
8.25000e-01 3.00000e-01 -4.57967e-15 
8.25000e-01 3.25000e-01 -4.10783e-15 
8.25000e-01 3.50000e-01 -3.71925e-15 
8.25000e-01 3.75000e-01 -5.10703e-15 
8.25000e-01 4.00000e-01 -1.66533e-16 
8.25000e-01 4.25000e-01 3.55271e-15 
8.25000e-01 4.50000e-01 7.21645e-15 
8.25000e-01 4.75000e-01 -6.10623e-16 
8.25000e-01 5.00000e-01 -5.38458e-15 
8.25000e-01 5.25000e-01 -3.44169e-15 
8.25000e-01 5.50000e-01 1.66533e-15 
8.25000e-01 5.75000e-01 5.77316e-15 
8.25000e-01 6.00000e-01 1.22125e-15 
8.25000e-01 6.25000e-01 -4.49640e-15 
8.25000e-01 6.50000e-01 -3.33067e-16 
8.25000e-01 6.75000e-01 -3.88578e-15 
8.25000e-01 7.00000e-01 -4.74620e-15 
8.25000e-01 7.25000e-01 -3.60822e-16 
8.25000e-01 7.50000e-01 -1.62296e-15 
8.25000e-01 7.75000e-01 -9.29812e-16 
8.25000e-01 8.00000e-01 4.08007e-15 
8.25000e-01 8.25000e-01 5.82867e-15 
8.25000e-01 8.50000e-01 -8.54872e-15 
8.25000e-01 8.75000e-01 2.27596e-15 
8.25000e-01 9.00000e-01 2.23710e-14 
8.25000e-01 9.25000e-01 -7.82707e-15 
8.25000e-01 9.50000e-01 -1.27676e-14 
8.25000e-01 9.75000e-01 2.08722e-14 
8.25000e-01 1.00000e+00 0.00000e+00 

8.50000e-01 0.00000e+00 0.00000e+00 
8.50000e-01 2.50000e-02 -4.59632e-14 
8.50000e-01 5.00000e-02 1.04361e-14 
8.50000e-01 7.50000e-02 6.32827e-15 
8.50000e-01 1.00000e-01 -4.40203e-14 
8.50000e-01 1.25000e-01 1.49880e-15 
8.50000e-01 1.50000e-01 6.66134e-15 
8.50000e-01 1.75000e-01 -2.16493e-15 
8.50000e-01 2.00000e-01 -7.82707e-15 
8.50000e-01 2.25000e-01 1.26288e-15 
8.50000e-01 2.50000e-01 3.89575e-15 
8.50000e-01 2.75000e-01 2.92821e-15 
8.50000e-01 3.00000e-01 1.05471e-14 
8.50000e-01 3.25000e-01 1.47105e-14 
8.50000e-01 3.50000e-01 1.41553e-14 
8.50000e-01 3.75000e-01 4.10783e-15 
8.50000e-01 4.00000e-01 5.21805e-15 
8.50000e-01 4.25000e-01 -4.88498e-15 
8.50000e-01 4.50000e-01 -7.54952e-15 
8.50000e-01 4.75000e-01 3.33067e-16 
8.50000e-01 5.00000e-01 9.99201e-16 
8.50000e-01 5.25000e-01 -1.22125e-15 
8.50000e-01 5.50000e-01 -8.99281e-15 
8.50000e-01 5.75000e-01 -1.99840e-15 
8.50000e-01 6.00000e-01 2.49800e-15 
8.50000e-01 6.25000e-01 5.38458e-15 
8.50000e-01 6.50000e-01 5.05151e-15 
8.50000e-01 6.75000e-01 1.24900e-14 
8.50000e-01 7.00000e-01 1.01863e-14 
8.50000e-01 7.25000e-01 2.62290e-15 
8.50000e-01 7.50000e-01 3.01453e-15 
8.50000e-01 7.75000e-01 1.72085e-15 
8.50000e-01 8.00000e-01 -1.07414e-14 
8.50000e-01 8.25000e-01 -9.88098e-15 
8.50000e-01 8.50000e-01 1.33227e-14 
8.50000e-01 8.75000e-01 0.00000e+00 
8.50000e-01 9.00000e-01 -4.54636e-14 
8.50000e-01 9.25000e-01 7.66054e-15 
8.50000e-01 9.50000e-01 1.59872e-14 
8.50000e-01 9.75000e-01 -5.42899e-14 
8.50000e-01 1.00000e+00 0.00000e+00 

8.75000e-01 0.00000e+00 0.00000e+00 
8.75000e-01 2.50000e-02 4.44089e-16 
8.75000e-01 5.00000e-02 -1.45439e-14 
8.75000e-01 7.50000e-02 -8.43769e-15 
8.75000e-01 1.00000e-01 7.77156e-16 
8.75000e-01 1.25000e-01 9.43690e-16 
8.75000e-01 1.50000e-01 -3.27516e-15 
8.75000e-01 1.75000e-01 -1.11022e-15 
8.75000e-01 2.00000e-01 6.38378e-16 
8.75000e-01 2.25000e-01 -1.80411e-15 
8.75000e-01 2.50000e-01 -4.33751e-16 
8.75000e-01 2.75000e-01 2.23432e-15 
8.75000e-01 3.00000e-01 -1.05471e-15 
8.75000e-01 3.25000e-01 4.60743e-15 
8.75000e-01 3.50000e-01 4.99600e-16 
8.75000e-01 3.75000e-01 4.99600e-16 
8.75000e-01 4.00000e-01 -9.10383e-15 
8.75000e-01 4.25000e-01 -9.65894e-15 
8.75000e-01 4.50000e-01 1.99840e-15 
8.75000e-01 4.75000e-01 9.99201e-16 
8.75000e-01 5.00000e-01 -3.88578e-15 
8.75000e-01 5.25000e-01 1.19904e-14 
8.75000e-01 5.50000e-01 -6.32827e-15 
8.75000e-01 5.75000e-01 4.32987e-15 
8.75000e-01 6.00000e-01 -6.21725e-15 
8.75000e-01 6.25000e-01 4.44089e-15 
8.75000e-01 6.50000e-01 8.65974e-15 
8.75000e-01 6.75000e-01 3.05311e-15 
8.75000e-01 7.00000e-01 -2.10942e-15 
8.75000e-01 7.25000e-01 9.85323e-16 
8.75000e-01 7.50000e-01 -1.73261e-16 
8.75000e-01 7.75000e-01 -2.49800e-15 
8.75000e-01 8.00000e-01 -1.94289e-15 
8.75000e-01 8.25000e-01 -1.88738e-15 
8.75000e-01 8.50000e-01 5.55112e-15 
8.75000e-01 8.75000e-01 -4.66294e-15 
8.75000e-01 9.00000e-01 3.55271e-15 
8.75000e-01 9.25000e-01 -1.12133e-14 
8.75000e-01 9.50000e-01 -1.45439e-14 
8.75000e-01 9.75000e-01 4.44089e-16 
8.75000e-01 1.00000e+00 0.00000e+00 

9.00000e-01 0.00000e+00 0.00000e+00 
9.00000e-01 2.50000e-02 1.16684e-13 
9.00000e-01 5.00000e-02 -3.43059e-14 
9.00000e-01 7.50000e-02 -2.60902e-14 
9.00000e-01 1.00000e-01 8.29337e-14 
9.00000e-01 1.25000e-01 1.19904e-14 
9.00000e-01 1.50000e-01 -4.04676e-14 
9.00000e-01 1.75000e-01 1.77081e-14 
9.00000e-01 2.00000e-01 2.30926e-14 
9.00000e-01 2.25000e-01 -4.38538e-15 
9.00000e-01 2.50000e-01 -5.76179e-15 
9.00000e-01 2.75000e-01 -4.24660e-15 
9.00000e-01 3.00000e-01 -1.72917e-14 
9.00000e-01 3.25000e-01 -2.38143e-14 
9.00000e-01 3.50000e-01 -1.92069e-14 
9.00000e-01 3.75000e-01 -4.99600e-15 
9.00000e-01 4.00000e-01 7.21645e-15 
9.00000e-01 4.25000e-01 1.22125e-14 
9.00000e-01 4.50000e-01 1.48770e-14 
9.00000e-01 4.75000e-01 -2.77556e-15 
9.00000e-01 5.00000e-01 1.95399e-14 
9.00000e-01 5.25000e-01 -5.66214e-15 
9.00000e-01 5.50000e-01 1.21014e-14 
9.00000e-01 5.75000e-01 1.52101e-14 
9.00000e-01 6.00000e-01 -9.99201e-16 
9.00000e-01 6.25000e-01 -1.07692e-14 
9.00000e-01 6.50000e-01 -1.93734e-14 
9.00000e-01 6.75000e-01 -1.84852e-14 
9.00000e-01 7.00000e-01 -2.21489e-14 
9.00000e-01 7.25000e-01 -2.85882e-15 
9.00000e-01 7.50000e-01 -6.17678e-15 
9.00000e-01 7.75000e-01 -5.07927e-15 
9.00000e-01 8.00000e-01 2.46192e-14 
9.00000e-01 8.25000e-01 1.54321e-14 
9.00000e-01 8.50000e-01 -4.13003e-14 
9.00000e-01 8.75000e-01 4.99600e-15 
9.00000e-01 9.00000e-01 9.69225e-14 
9.00000e-01 9.25000e-01 -2.89768e-14 
9.00000e-01 9.50000e-01 -3.43059e-14 
9.00000e-01 9.75000e-01 1.27898e-13 
9.00000e-01 1.00000e+00 0.00000e+00 

9.25000e-01 0.00000e+00 0.00000e+00 
9.25000e-01 2.50000e-02 -2.50910e-14 
9.25000e-01 5.00000e-02 -1.99840e-15 
9.25000e-01 7.50000e-02 -5.32907e-15 
9.25000e-01 1.00000e-01 -1.49880e-14 
9.25000e-01 1.25000e-01 -9.65894e-15 
9.25000e-01 1.50000e-01 7.10543e-15 
9.25000e-01 1.75000e-01 -2.16493e-15 
9.25000e-01 2.00000e-01 -3.83027e-15 
9.25000e-01 2.25000e-01 6.38378e-16 
9.25000e-01 2.50000e-01 2.43980e-15 
9.25000e-01 2.75000e-01 1.85962e-15 
9.25000e-01 3.00000e-01 8.93730e-15 
9.25000e-01 3.25000e-01 1.26010e-14 
9.25000e-01 3.50000e-01 9.54792e-15 
9.25000e-01 3.75000e-01 1.11022e-14 
9.25000e-01 4.00000e-01 -4.32987e-15 
9.25000e-01 4.25000e-01 -1.14353e-14 
9.25000e-01 4.50000e-01 -9.10383e-15 
9.25000e-01 4.75000e-01 -2.55351e-15 
9.25000e-01 5.00000e-01 -3.33067e-15 
9.25000e-01 5.25000e-01 1.11022e-16 
9.25000e-01 5.50000e-01 -3.55271e-15 
9.25000e-01 5.75000e-01 -8.32667e-15 
9.25000e-01 6.00000e-01 1.33227e-15 
9.25000e-01 6.25000e-01 3.99680e-15 
9.25000e-01 6.50000e-01 9.32587e-15 
9.25000e-01 6.75000e-01 8.93730e-15 
9.25000e-01 7.00000e-01 7.88258e-15 
9.25000e-01 7.25000e-01 5.74540e-15 
9.25000e-01 7.50000e-01 2.09147e-15 
9.25000e-01 7.75000e-01 -4.44089e-16 
9.25000e-01 8.00000e-01 -5.71765e-15 
9.25000e-01 8.25000e-01 1.22125e-15 
9.25000e-01 8.50000e-01 7.66054e-15 
9.25000e-01 8.75000e-01 -1.26565e-14 
9.25000e-01 9.00000e-01 -2.34257e-14 
9.25000e-01 9.25000e-01 2.88658e-15 
9.25000e-01 9.50000e-01 -4.77396e-15 
9.25000e-01 9.75000e-01 -2.22045e-14 
9.25000e-01 1.00000e+00 0.00000e+00 

9.50000e-01 0.00000e+00 0.00000e+00 
9.50000e-01 2.50000e-02 -5.41789e-14 
9.50000e-01 5.00000e-02 1.76525e-14 
9.50000e-01 7.50000e-02 -7.43849e-15 
9.50000e-01 1.00000e-01 -4.52971e-14 
9.50000e-01 1.25000e-01 -3.21965e-15 
9.50000e-01 1.50000e-01 1.54321e-14 
9.50000e-01 1.75000e-01 -1.39888e-14 
9.50000e-01 2.00000e-01 -1.36002e-14 
9.50000e-01 2.25000e-01 -1.44329e-15 
9.50000e-01 2.50000e-01 4.48178e-15 
9.50000e-01 2.75000e-01 5.32907e-15 
9.50000e-01 3.00000e-01 9.65894e-15 
9.50000e-01 3.25000e-01 2.38143e-14 
9.50000e-01 3.50000e-01 8.21565e-15 
9.50000e-01 3.75000e-01 4.66294e-15 
9.50000e-01 4.00000e-01 9.32587e-15 
9.50000e-01 4.25000e-01 -2.32037e-14 
9.50000e-01 4.50000e-01 1.56541e-14 
9.50000e-01 4.75000e-01 -1.22125e-15 
9.50000e-01 5.00000e-01 -2.55351e-15 
9.50000e-01 5.25000e-01 -4.10783e-15 
9.50000e-01 5.50000e-01 -1.48770e-14 
9.50000e-01 5.75000e-01 -3.44169e-15 
9.50000e-01 6.00000e-01 1.22125e-14 
9.50000e-01 6.25000e-01 9.99201e-15 
9.50000e-01 6.50000e-01 1.21014e-14 
9.50000e-01 6.75000e-01 1.45439e-14 
9.50000e-01 7.00000e-01 1.69864e-14 
9.50000e-01 7.25000e-01 6.32827e-15 
9.50000e-01 7.50000e-01 4.85599e-15 
9.50000e-01 7.75000e-01 5.55112e-16 
9.50000e-01 8.00000e-01 -1.62648e-14 
9.50000e-01 8.25000e-01 -1.27676e-14 
9.50000e-01 8.50000e-01 1.73195e-14 
9.50000e-01 8.75000e-01 7.77156e-16 
9.50000e-01 9.00000e-01 -5.37348e-14 
9.50000e-01 9.25000e-01 -4.77396e-15 
9.50000e-01 9.50000e-01 -4.55191e-15 
9.50000e-01 9.75000e-01 -5.68434e-14 
9.50000e-01 1.00000e+00 0.00000e+00 

9.75000e-01 0.00000e+00 0.00000e+00 
9.75000e-01 2.50000e-02 1.64868e-13 
9.75000e-01 5.00000e-02 -6.23945e-14 
9.75000e-01 7.50000e-02 -2.48690e-14 
9.75000e-01 1.00000e-01 1.16906e-13 
9.75000e-01 1.25000e-01 -8.99281e-15 
9.75000e-01 1.50000e-01 -5.35127e-14 
9.75000e-01 1.75000e-01 2.65898e-14 
9.75000e-01 2.00000e-01 3.32512e-14 
9.75000e-01 2.25000e-01 -6.27276e-15 
9.75000e-01 2.50000e-01 -8.41307e-15 
9.75000e-01 2.75000e-01 -9.04832e-15 
9.75000e-01 3.00000e-01 -1.94844e-14 
9.75000e-01 3.25000e-01 -3.54716e-14 
9.75000e-01 3.50000e-01 -2.42029e-14 
9.75000e-01 3.75000e-01 7.77156e-16 
9.75000e-01 4.00000e-01 5.32907e-15 
9.75000e-01 4.25000e-01 3.86358e-14 
9.75000e-01 4.50000e-01 2.35367e-14 
9.75000e-01 4.75000e-01 1.28786e-14 
9.75000e-01 5.00000e-01 1.99840e-14 
9.75000e-01 5.25000e-01 1.55431e-14 
9.75000e-01 5.50000e-01 2.63123e-14 
9.75000e-01 5.75000e-01 2.50910e-14 
9.75000e-01 6.00000e-01 1.09912e-14 
9.75000e-01 6.25000e-01 -7.77156e-15 
9.75000e-01 6.50000e-01 -2.57572e-14 
9.75000e-01 6.75000e-01 -2.67009e-14 
9.75000e-01 7.00000e-01 -2.37033e-14 
9.75000e-01 7.25000e-01 -1.01030e-14 
9.75000e-01 7.50000e-01 -8.58773e-15 
9.75000e-01 7.75000e-01 -6.93889e-15 
9.75000e-01 8.00000e-01 3.51386e-14 
9.75000e-01 8.25000e-01 2.43139e-14 
9.75000e-01 8.50000e-01 -5.83977e-14 
9.75000e-01 8.75000e-01 -8.88178e-16 
9.75000e-01 9.00000e-01 1.27898e-13 
9.75000e-01 9.25000e-01 -3.60822e-14 
9.75000e-01 9.50000e-01 -6.23945e-14 
9.75000e-01 9.75000e-01 1.73306e-13 
9.75000e-01 1.00000e+00 0.00000e+00 

1.00000e+00 0.00000e+00 0.00000e+00 
1.00000e+00 2.50000e-02 0.00000e+00 
1.00000e+00 5.00000e-02 0.00000e+00 
1.00000e+00 7.50000e-02 0.00000e+00 
1.00000e+00 1.00000e-01 0.00000e+00 
1.00000e+00 1.25000e-01 0.00000e+00 
1.00000e+00 1.50000e-01 0.00000e+00 
1.00000e+00 1.75000e-01 0.00000e+00 
1.00000e+00 2.00000e-01 0.00000e+00 
1.00000e+00 2.25000e-01 0.00000e+00 
1.00000e+00 2.50000e-01 0.00000e+00 
1.00000e+00 2.75000e-01 0.00000e+00 
1.00000e+00 3.00000e-01 0.00000e+00 
1.00000e+00 3.25000e-01 0.00000e+00 
1.00000e+00 3.50000e-01 0.00000e+00 
1.00000e+00 3.75000e-01 0.00000e+00 
1.00000e+00 4.00000e-01 0.00000e+00 
1.00000e+00 4.25000e-01 0.00000e+00 
1.00000e+00 4.50000e-01 0.00000e+00 
1.00000e+00 4.75000e-01 0.00000e+00 
1.00000e+00 5.00000e-01 0.00000e+00 
1.00000e+00 5.25000e-01 0.00000e+00 
1.00000e+00 5.50000e-01 0.00000e+00 
1.00000e+00 5.75000e-01 0.00000e+00 
1.00000e+00 6.00000e-01 0.00000e+00 
1.00000e+00 6.25000e-01 0.00000e+00 
1.00000e+00 6.50000e-01 0.00000e+00 
1.00000e+00 6.75000e-01 0.00000e+00 
1.00000e+00 7.00000e-01 0.00000e+00 
1.00000e+00 7.25000e-01 0.00000e+00 
1.00000e+00 7.50000e-01 0.00000e+00 
1.00000e+00 7.75000e-01 0.00000e+00 
1.00000e+00 8.00000e-01 0.00000e+00 
1.00000e+00 8.25000e-01 0.00000e+00 
1.00000e+00 8.50000e-01 0.00000e+00 
1.00000e+00 8.75000e-01 0.00000e+00 
1.00000e+00 9.00000e-01 0.00000e+00 
1.00000e+00 9.25000e-01 0.00000e+00 
1.00000e+00 9.50000e-01 0.00000e+00 
1.00000e+00 9.75000e-01 0.00000e+00 
1.00000e+00 1.00000e+00 0.00000e+00 

