0.00000e+00 0.00000e+00 0.00000e+00 
0.00000e+00 2.50000e-02 0.00000e+00 
0.00000e+00 5.00000e-02 0.00000e+00 
0.00000e+00 7.50000e-02 0.00000e+00 
0.00000e+00 1.00000e-01 0.00000e+00 
0.00000e+00 1.25000e-01 0.00000e+00 
0.00000e+00 1.50000e-01 0.00000e+00 
0.00000e+00 1.75000e-01 0.00000e+00 
0.00000e+00 2.00000e-01 0.00000e+00 
0.00000e+00 2.25000e-01 0.00000e+00 
0.00000e+00 2.50000e-01 0.00000e+00 
0.00000e+00 2.75000e-01 0.00000e+00 
0.00000e+00 3.00000e-01 0.00000e+00 
0.00000e+00 3.25000e-01 0.00000e+00 
0.00000e+00 3.50000e-01 0.00000e+00 
0.00000e+00 3.75000e-01 0.00000e+00 
0.00000e+00 4.00000e-01 0.00000e+00 
0.00000e+00 4.25000e-01 0.00000e+00 
0.00000e+00 4.50000e-01 0.00000e+00 
0.00000e+00 4.75000e-01 0.00000e+00 
0.00000e+00 5.00000e-01 0.00000e+00 
0.00000e+00 5.25000e-01 0.00000e+00 
0.00000e+00 5.50000e-01 0.00000e+00 
0.00000e+00 5.75000e-01 0.00000e+00 
0.00000e+00 6.00000e-01 0.00000e+00 
0.00000e+00 6.25000e-01 0.00000e+00 
0.00000e+00 6.50000e-01 0.00000e+00 
0.00000e+00 6.75000e-01 0.00000e+00 
0.00000e+00 7.00000e-01 0.00000e+00 
0.00000e+00 7.25000e-01 0.00000e+00 
0.00000e+00 7.50000e-01 0.00000e+00 
0.00000e+00 7.75000e-01 0.00000e+00 
0.00000e+00 8.00000e-01 0.00000e+00 
0.00000e+00 8.25000e-01 0.00000e+00 
0.00000e+00 8.50000e-01 0.00000e+00 
0.00000e+00 8.75000e-01 0.00000e+00 
0.00000e+00 9.00000e-01 0.00000e+00 
0.00000e+00 9.25000e-01 0.00000e+00 
0.00000e+00 9.50000e-01 0.00000e+00 
0.00000e+00 9.75000e-01 0.00000e+00 
0.00000e+00 1.00000e+00 0.00000e+00 

2.50000e-02 0.00000e+00 0.00000e+00 
2.50000e-02 2.50000e-02 1.70308e-13 
2.50000e-02 5.00000e-02 -6.80567e-14 
2.50000e-02 7.50000e-02 -3.88578e-14 
2.50000e-02 1.00000e-01 1.25122e-13 
2.50000e-02 1.25000e-01 2.10942e-15 
2.50000e-02 1.50000e-01 -5.35127e-14 
2.50000e-02 1.75000e-01 2.44249e-14 
2.50000e-02 2.00000e-01 2.48690e-14 
2.50000e-02 2.25000e-01 -1.38778e-14 
2.50000e-02 2.50000e-01 -1.97756e-14 
2.50000e-02 2.75000e-01 -2.04836e-14 
2.50000e-02 3.00000e-01 -3.81917e-14 
2.50000e-02 3.25000e-01 -5.06817e-14 
2.50000e-02 3.50000e-01 -4.35207e-14 
2.50000e-02 3.75000e-01 -1.86517e-14 
2.50000e-02 4.00000e-01 -1.12133e-14 
2.50000e-02 4.25000e-01 1.09912e-14 
2.50000e-02 4.50000e-01 1.53211e-14 
2.50000e-02 4.75000e-01 1.88738e-15 
2.50000e-02 5.00000e-01 -4.88498e-15 
2.50000e-02 5.25000e-01 -9.99201e-16 
2.50000e-02 5.50000e-01 4.21885e-15 
2.50000e-02 5.75000e-01 2.24265e-14 
2.50000e-02 6.00000e-01 -2.77556e-15 
2.50000e-02 6.25000e-01 -2.03171e-14 
2.50000e-02 6.50000e-01 -3.68594e-14 
2.50000e-02 6.75000e-01 -4.53526e-14 
2.50000e-02 7.00000e-01 -4.09672e-14 
2.50000e-02 7.25000e-01 -1.94567e-14 
2.50000e-02 7.50000e-01 -1.96032e-14 
2.50000e-02 7.75000e-01 -1.87350e-14 
2.50000e-02 8.00000e-01 2.39808e-14 
2.50000e-02 8.25000e-01 2.00950e-14 
2.50000e-02 8.50000e-01 -5.57332e-14 
2.50000e-02 8.75000e-01 -9.21485e-15 
2.50000e-02 9.00000e-01 1.27787e-13 
2.50000e-02 9.25000e-01 -4.17444e-14 
2.50000e-02 9.50000e-01 -6.52811e-14 
2.50000e-02 9.75000e-01 1.70419e-13 
2.50000e-02 1.00000e+00 0.00000e+00 

5.00000e-02 0.00000e+00 0.00000e+00 
5.00000e-02 2.50000e-02 -6.80567e-14 
5.00000e-02 5.00000e-02 1.21014e-14 
5.00000e-02 7.50000e-02 6.43929e-15 
5.00000e-02 1.00000e-01 -3.97460e-14 
5.00000e-02 1.25000e-01 -1.84297e-14 
5.00000e-02 1.50000e-01 1.54321e-14 
5.00000e-02 1.75000e-01 -8.43769e-15 
5.00000e-02 2.00000e-01 -8.04912e-15 
5.00000e-02 2.25000e-01 3.49720e-15 
5.00000e-02 2.50000e-01 1.02931e-14 
5.00000e-02 2.75000e-01 1.29619e-14 
5.00000e-02 3.00000e-01 2.07612e-14 
5.00000e-02 3.25000e-01 2.93654e-14 
5.00000e-02 3.50000e-01 2.07612e-14 
5.00000e-02 3.75000e-01 1.02141e-14 
5.00000e-02 4.00000e-01 -4.55191e-15 
5.00000e-02 4.25000e-01 4.55191e-15 
5.00000e-02 4.50000e-01 1.77636e-15 
5.00000e-02 4.75000e-01 7.10543e-15 
5.00000e-02 5.00000e-01 -2.55351e-15 
5.00000e-02 5.25000e-01 1.53211e-14 
5.00000e-02 5.50000e-01 4.55191e-15 
5.00000e-02 5.75000e-01 -8.99281e-15 
5.00000e-02 6.00000e-01 6.66134e-15 
5.00000e-02 6.25000e-01 4.44089e-15 
5.00000e-02 6.50000e-01 2.60902e-14 
5.00000e-02 6.75000e-01 2.43139e-14 
5.00000e-02 7.00000e-01 2.35367e-14 
5.00000e-02 7.25000e-01 1.44051e-14 
5.00000e-02 7.50000e-01 1.03204e-14 
5.00000e-02 7.75000e-01 6.80012e-15 
5.00000e-02 8.00000e-01 -8.65974e-15 
5.00000e-02 8.25000e-01 -9.99201e-15 
5.00000e-02 8.50000e-01 8.99281e-15 
5.00000e-02 8.75000e-01 7.77156e-16 
5.00000e-02 9.00000e-01 -4.81837e-14 
5.00000e-02 9.25000e-01 1.46549e-14 
5.00000e-02 9.50000e-01 9.99201e-16 
5.00000e-02 9.75000e-01 -5.68434e-14 
5.00000e-02 1.00000e+00 0.00000e+00 

7.50000e-02 0.00000e+00 0.00000e+00 
7.50000e-02 2.50000e-02 -3.88578e-14 
7.50000e-02 5.00000e-02 9.21485e-15 
7.50000e-02 7.50000e-02 -1.35447e-14 
7.50000e-02 1.00000e-01 -9.43690e-15 
7.50000e-02 1.25000e-01 1.11022e-16 
7.50000e-02 1.50000e-01 4.21885e-15 
7.50000e-02 1.75000e-01 -4.16334e-15 
7.50000e-02 2.00000e-01 -3.44169e-15 
7.50000e-02 2.25000e-01 3.16414e-15 
7.50000e-02 2.50000e-01 5.04189e-15 
7.50000e-02 2.75000e-01 8.77076e-15 
7.50000e-02 3.00000e-01 1.09357e-14 
7.50000e-02 3.25000e-01 1.81521e-14 
7.50000e-02 3.50000e-01 1.37668e-14 
7.50000e-02 3.75000e-01 1.66533e-14 
7.50000e-02 4.00000e-01 9.43690e-15 
7.50000e-02 4.25000e-01 1.07692e-14 
7.50000e-02 4.50000e-01 -8.88178e-16 
7.50000e-02 4.75000e-01 -5.44009e-15 
7.50000e-02 5.00000e-01 7.66054e-15 
7.50000e-02 5.25000e-01 0.00000e+00 
7.50000e-02 5.50000e-01 -8.88178e-16 
7.50000e-02 5.75000e-01 1.09912e-14 
7.50000e-02 6.00000e-01 9.54792e-15 
7.50000e-02 6.25000e-01 5.32907e-15 
7.50000e-02 6.50000e-01 1.48770e-14 
7.50000e-02 6.75000e-01 1.44329e-14 
7.50000e-02 7.00000e-01 1.57652e-14 
7.50000e-02 7.25000e-01 7.91034e-15 
7.50000e-02 7.50000e-01 5.82112e-15 
7.50000e-02 7.75000e-01 3.71925e-15 
7.50000e-02 8.00000e-01 -4.32987e-15 
7.50000e-02 8.25000e-01 -1.49880e-15 
7.50000e-02 8.50000e-01 6.32827e-15 
7.50000e-02 8.75000e-01 -2.88658e-15 
7.50000e-02 9.00000e-01 -2.60902e-14 
7.50000e-02 9.25000e-01 -1.36557e-14 
7.50000e-02 9.50000e-01 8.88178e-16 
7.50000e-02 9.75000e-01 -2.76446e-14 
7.50000e-02 1.00000e+00 0.00000e+00 

1.00000e-01 0.00000e+00 0.00000e+00 
1.00000e-01 2.50000e-02 1.25122e-13 
1.00000e-01 5.00000e-02 -5.08482e-14 
1.00000e-01 7.50000e-02 -2.05391e-14 
1.00000e-01 1.00000e-01 9.14824e-14 
1.00000e-01 1.25000e-01 -5.88418e-15 
1.00000e-01 1.50000e-01 -4.31877e-14 
1.00000e-01 1.75000e-01 1.42664e-14 
1.00000e-01 2.00000e-01 1.68754e-14 
1.00000e-01 2.25000e-01 -9.32587e-15 
1.00000e-01 2.50000e-01 -1.32211e-14 
1.00000e-01 2.75000e-01 -1.25733e-14 
1.00000e-01 3.00000e-01 -2.63123e-14 
1.00000e-01 3.25000e-01 -3.63598e-14 
1.00000e-01 3.50000e-01 -2.62013e-14 
1.00000e-01 3.75000e-01 -2.30926e-14 
1.00000e-01 4.00000e-01 -1.11022e-15 
1.00000e-01 4.25000e-01 -1.01030e-14 
1.00000e-01 4.50000e-01 3.66374e-15 
1.00000e-01 4.75000e-01 -1.39888e-14 
1.00000e-01 5.00000e-01 2.77556e-15 
1.00000e-01 5.25000e-01 -2.99760e-15 
1.00000e-01 5.50000e-01 -1.29896e-14 
1.00000e-01 5.75000e-01 1.22125e-15 
1.00000e-01 6.00000e-01 -3.88578e-15 
1.00000e-01 6.25000e-01 -1.90958e-14 
1.00000e-01 6.50000e-01 -2.77556e-14 
1.00000e-01 6.75000e-01 -4.20775e-14 
1.00000e-01 7.00000e-01 -2.87548e-14 
1.00000e-01 7.25000e-01 -1.39611e-14 
1.00000e-01 7.50000e-01 -1.35494e-14 
1.00000e-01 7.75000e-01 -1.06026e-14 
1.00000e-01 8.00000e-01 2.05114e-14 
1.00000e-01 8.25000e-01 9.93650e-15 
1.00000e-01 8.50000e-01 -3.56937e-14 
1.00000e-01 8.75000e-01 6.32827e-15 
1.00000e-01 9.00000e-01 9.54792e-14 
1.00000e-01 9.25000e-01 -2.33147e-14 
1.00000e-01 9.50000e-01 -4.25215e-14 
1.00000e-01 9.75000e-01 1.28009e-13 
1.00000e-01 1.00000e+00 0.00000e+00 

1.25000e-01 0.00000e+00 0.00000e+00 
1.25000e-01 2.50000e-02 1.32117e-14 
1.25000e-01 5.00000e-02 -7.32747e-15 
1.25000e-01 7.50000e-02 5.66214e-15 
1.25000e-01 1.00000e-01 6.55032e-15 
1.25000e-01 1.25000e-01 -4.32987e-15 
1.25000e-01 1.50000e-01 -3.10862e-15 
1.25000e-01 1.75000e-01 3.21965e-15 
1.25000e-01 2.00000e-01 -2.05391e-15 
1.25000e-01 2.25000e-01 2.35922e-16 
1.25000e-01 2.50000e-01 1.51781e-15 
1.25000e-01 2.75000e-01 4.71845e-16 
1.25000e-01 3.00000e-01 9.43690e-16 
1.25000e-01 3.25000e-01 1.72085e-15 
1.25000e-01 3.50000e-01 7.27196e-15 
1.25000e-01 3.75000e-01 -1.05471e-15 
1.25000e-01 4.00000e-01 7.43849e-15 
1.25000e-01 4.25000e-01 -5.77316e-15 
1.25000e-01 4.50000e-01 -9.99201e-16 
1.25000e-01 4.75000e-01 1.18794e-14 
1.25000e-01 5.00000e-01 1.12133e-14 
1.25000e-01 5.25000e-01 1.17684e-14 
1.25000e-01 5.50000e-01 -9.99201e-16 
1.25000e-01 5.75000e-01 8.32667e-15 
1.25000e-01 6.00000e-01 5.99520e-15 
1.25000e-01 6.25000e-01 8.54872e-15 
1.25000e-01 6.50000e-01 2.99760e-15 
1.25000e-01 6.75000e-01 8.49321e-15 
1.25000e-01 7.00000e-01 4.41314e-15 
1.25000e-01 7.25000e-01 2.52576e-15 
1.25000e-01 7.50000e-01 1.47473e-15 
1.25000e-01 7.75000e-01 -1.06859e-15 
1.25000e-01 8.00000e-01 3.66374e-15 
1.25000e-01 8.25000e-01 9.99201e-16 
1.25000e-01 8.50000e-01 -8.21565e-15 
1.25000e-01 8.75000e-01 -8.77076e-15 
1.25000e-01 9.00000e-01 9.21485e-15 
1.25000e-01 9.25000e-01 -1.11022e-14 
1.25000e-01 9.50000e-01 -7.32747e-15 
1.25000e-01 9.75000e-01 -6.21725e-15 
1.25000e-01 1.00000e+00 0.00000e+00 

1.50000e-01 0.00000e+00 0.00000e+00 
1.50000e-01 2.50000e-02 -5.77316e-14 
1.50000e-01 5.00000e-02 6.99441e-15 
1.50000e-01 7.50000e-02 1.55431e-15 
1.50000e-01 1.00000e-01 -4.17999e-14 
1.50000e-01 1.25000e-01 -4.49640e-15 
1.50000e-01 1.50000e-01 1.87628e-14 
1.50000e-01 1.75000e-01 -8.71525e-15 
1.50000e-01 2.00000e-01 -5.93969e-15 
1.50000e-01 2.25000e-01 3.71925e-15 
1.50000e-01 2.50000e-01 7.75551e-15 
1.50000e-01 2.75000e-01 8.93730e-15 
1.50000e-01 3.00000e-01 1.66256e-14 
1.50000e-01 3.25000e-01 2.19824e-14 
1.50000e-01 3.50000e-01 1.45439e-14 
1.50000e-01 3.75000e-01 1.43219e-14 
1.50000e-01 4.00000e-01 9.93650e-15 
1.50000e-01 4.25000e-01 3.88578e-15 
1.50000e-01 4.50000e-01 1.22125e-15 
1.50000e-01 4.75000e-01 5.10703e-15 
1.50000e-01 5.00000e-01 -2.55351e-15 
1.50000e-01 5.25000e-01 -7.54952e-15 
1.50000e-01 5.50000e-01 8.21565e-15 
1.50000e-01 5.75000e-01 0.00000e+00 
1.50000e-01 6.00000e-01 7.21645e-15 
1.50000e-01 6.25000e-01 7.21645e-15 
1.50000e-01 6.50000e-01 1.72085e-14 
1.50000e-01 6.75000e-01 1.62648e-14 
1.50000e-01 7.00000e-01 1.31561e-14 
1.50000e-01 7.25000e-01 7.99361e-15 
1.50000e-01 7.50000e-01 6.65745e-15 
1.50000e-01 7.75000e-01 4.38538e-15 
1.50000e-01 8.00000e-01 -1.12688e-14 
1.50000e-01 8.25000e-01 -1.08802e-14 
1.50000e-01 8.50000e-01 1.91513e-14 
1.50000e-01 8.75000e-01 8.88178e-16 
1.50000e-01 9.00000e-01 -3.90799e-14 
1.50000e-01 9.25000e-01 1.55431e-15 
1.50000e-01 9.50000e-01 1.25455e-14 
1.50000e-01 9.75000e-01 -5.77316e-14 
1.50000e-01 1.00000e+00 0.00000e+00 

1.75000e-01 0.00000e+00 0.00000e+00 
1.75000e-01 2.50000e-02 2.02616e-14 
1.75000e-01 5.00000e-02 -5.66214e-15 
1.75000e-01 7.50000e-02 -5.55112e-15 
1.75000e-01 1.00000e-01 1.14908e-14 
1.75000e-01 1.25000e-01 1.77636e-15 
1.75000e-01 1.50000e-01 -4.49640e-15 
1.75000e-01 1.75000e-01 3.21965e-15 
1.75000e-01 2.00000e-01 3.19189e-15 
1.75000e-01 2.25000e-01 -1.74860e-15 
1.75000e-01 2.50000e-01 -3.00797e-15 
1.75000e-01 2.75000e-01 -3.42781e-15 
1.75000e-01 3.00000e-01 -7.38298e-15 
1.75000e-01 3.25000e-01 -7.32747e-15 
1.75000e-01 3.50000e-01 -4.49640e-15 
1.75000e-01 3.75000e-01 -2.44249e-15 
1.75000e-01 4.00000e-01 -3.10862e-15 
1.75000e-01 4.25000e-01 2.72005e-15 
1.75000e-01 4.50000e-01 2.88658e-15 
1.75000e-01 4.75000e-01 -2.16493e-15 
1.75000e-01 5.00000e-01 -1.38778e-15 
1.75000e-01 5.25000e-01 -2.22045e-15 
1.75000e-01 5.50000e-01 1.11022e-16 
1.75000e-01 5.75000e-01 -6.82787e-15 
1.75000e-01 6.00000e-01 -3.05311e-15 
1.75000e-01 6.25000e-01 9.43690e-16 
1.75000e-01 6.50000e-01 -7.32747e-15 
1.75000e-01 6.75000e-01 -6.38378e-15 
1.75000e-01 7.00000e-01 -4.77396e-15 
1.75000e-01 7.25000e-01 -2.30371e-15 
1.75000e-01 7.50000e-01 -2.85895e-15 
1.75000e-01 7.75000e-01 -1.94289e-15 
1.75000e-01 8.00000e-01 3.77476e-15 
1.75000e-01 8.25000e-01 5.21805e-15 
1.75000e-01 8.50000e-01 -1.04916e-14 
1.75000e-01 8.75000e-01 9.99201e-16 
1.75000e-01 9.00000e-01 1.14353e-14 
1.75000e-01 9.25000e-01 4.10783e-15 
1.75000e-01 9.50000e-01 -5.66214e-15 
1.75000e-01 9.75000e-01 1.75415e-14 
1.75000e-01 1.00000e+00 0.00000e+00 

2.00000e-01 0.00000e+00 0.00000e+00 
2.00000e-01 2.50000e-02 2.48690e-14 
2.00000e-01 5.00000e-02 -6.99441e-15 
2.00000e-01 7.50000e-02 -1.99840e-15 
2.00000e-01 1.00000e-01 1.93179e-14 
2.00000e-01 1.25000e-01 2.44249e-15 
2.00000e-01 1.50000e-01 -1.08247e-14 
2.00000e-01 1.75000e-01 2.85882e-15 
2.00000e-01 2.00000e-01 3.30291e-15 
2.00000e-01 2.25000e-01 -1.46411e-15 
2.00000e-01 2.50000e-01 -2.83253e-15 
2.00000e-01 2.75000e-01 -2.51188e-15 
2.00000e-01 3.00000e-01 -4.20497e-15 
2.00000e-01 3.25000e-01 -1.00753e-14 
2.00000e-01 3.50000e-01 -4.10783e-15 
2.00000e-01 3.75000e-01 -5.19029e-15 
2.00000e-01 4.00000e-01 -3.99680e-15 
2.00000e-01 4.25000e-01 -1.11022e-16 
2.00000e-01 4.50000e-01 1.11022e-16 
2.00000e-01 4.75000e-01 3.55271e-15 
2.00000e-01 5.00000e-01 -2.44249e-15 
2.00000e-01 5.25000e-01 1.44329e-15 
2.00000e-01 5.50000e-01 -6.10623e-16 
2.00000e-01 5.75000e-01 -7.21645e-16 
2.00000e-01 6.00000e-01 -4.99600e-16 
2.00000e-01 6.25000e-01 -5.24580e-15 
2.00000e-01 6.50000e-01 -4.52416e-15 
2.00000e-01 6.75000e-01 -7.71605e-15 
2.00000e-01 7.00000e-01 -6.63358e-15 
2.00000e-01 7.25000e-01 -2.81025e-15 
2.00000e-01 7.50000e-01 -2.87569e-15 
2.00000e-01 7.75000e-01 -1.93595e-15 
2.00000e-01 8.00000e-01 3.74700e-15 
2.00000e-01 8.25000e-01 3.83027e-15 
2.00000e-01 8.50000e-01 -7.46625e-15 
2.00000e-01 8.75000e-01 -1.11022e-15 
2.00000e-01 9.00000e-01 2.13440e-14 
2.00000e-01 9.25000e-01 -6.93889e-15 
2.00000e-01 9.50000e-01 -9.76996e-15 
2.00000e-01 9.75000e-01 2.70339e-14 
2.00000e-01 1.00000e+00 0.00000e+00 

2.25000e-01 0.00000e+00 0.00000e+00 
2.25000e-01 2.50000e-02 -1.53766e-14 
2.25000e-01 5.00000e-02 6.35603e-15 
2.25000e-01 7.50000e-02 1.85962e-15 
2.25000e-01 1.00000e-01 -7.63278e-15 
2.25000e-01 1.25000e-01 1.52656e-16 
2.25000e-01 1.50000e-01 5.41234e-15 
2.25000e-01 1.75000e-01 -1.13798e-15 
2.25000e-01 2.00000e-01 -1.58901e-15 
2.25000e-01 2.25000e-01 1.09288e-15 
2.25000e-01 2.50000e-01 1.30791e-15 
2.25000e-01 2.75000e-01 8.98587e-16 
2.25000e-01 3.00000e-01 2.70617e-15 
2.25000e-01 3.25000e-01 3.58047e-15 
2.25000e-01 3.50000e-01 3.78864e-15 
2.25000e-01 3.75000e-01 9.15934e-16 
2.25000e-01 4.00000e-01 1.38778e-15 
2.25000e-01 4.25000e-01 5.27356e-16 
2.25000e-01 4.50000e-01 -1.11022e-16 
2.25000e-01 4.75000e-01 4.71845e-16 
2.25000e-01 5.00000e-01 2.88658e-15 
2.25000e-01 5.25000e-01 -2.49800e-16 
2.25000e-01 5.50000e-01 -4.44089e-16 
2.25000e-01 5.75000e-01 2.49800e-16 
2.25000e-01 6.00000e-01 -3.05311e-16 
2.25000e-01 6.25000e-01 1.91513e-15 
2.25000e-01 6.50000e-01 2.37310e-15 
2.25000e-01 6.75000e-01 3.35842e-15 
2.25000e-01 7.00000e-01 2.44943e-15 
2.25000e-01 7.25000e-01 1.03390e-15 
2.25000e-01 7.50000e-01 1.26824e-15 
2.25000e-01 7.75000e-01 7.80626e-16 
2.25000e-01 8.00000e-01 -2.06085e-15 
2.25000e-01 8.25000e-01 -1.49880e-15 
2.25000e-01 8.50000e-01 4.28824e-15 
2.25000e-01 8.75000e-01 4.57967e-16 
2.25000e-01 9.00000e-01 -6.24500e-15 
2.25000e-01 9.25000e-01 8.32667e-16 
2.25000e-01 9.50000e-01 3.58047e-15 
2.25000e-01 9.75000e-01 -1.64035e-14 
2.25000e-01 1.00000e+00 0.00000e+00 

2.50000e-01 0.00000e+00 0.00000e+00 
2.50000e-01 2.50000e-02 -1.98416e-14 
2.50000e-01 5.00000e-02 9.13538e-15 
2.50000e-01 7.50000e-02 4.59906e-15 
2.50000e-01 1.00000e-01 -1.37097e-14 
2.50000e-01 1.25000e-01 6.38254e-16 
2.50000e-01 1.50000e-01 6.36231e-15 
2.50000e-01 1.75000e-01 -3.13943e-15 
2.50000e-01 2.00000e-01 -2.96670e-15 
2.50000e-01 2.25000e-01 1.37703e-15 
2.50000e-01 2.50000e-01 7.08797e-16 
2.50000e-01 2.75000e-01 -1.53236e-16 
2.50000e-01 3.00000e-01 1.05986e-15 
2.50000e-01 3.25000e-01 1.88582e-15 
2.50000e-01 3.50000e-01 1.05363e-15 
2.50000e-01 3.75000e-01 5.44882e-16 
2.50000e-01 4.00000e-01 -2.24329e-17 
2.50000e-01 4.25000e-01 7.55458e-17 
2.50000e-01 4.50000e-01 5.56058e-17 
2.50000e-01 4.75000e-01 5.03307e-16 
2.50000e-01 5.00000e-01 4.23948e-16 
2.50000e-01 5.25000e-01 6.74069e-16 
2.50000e-01 5.50000e-01 3.40209e-16 
2.50000e-01 5.75000e-01 5.33621e-16 
2.50000e-01 6.00000e-01 2.13381e-16 
2.50000e-01 6.25000e-01 7.96959e-16 
2.50000e-01 6.50000e-01 1.97791e-15 
2.50000e-01 6.75000e-01 2.69219e-15 
2.50000e-01 7.00000e-01 1.62635e-15 
2.50000e-01 7.25000e-01 2.56577e-17 
2.50000e-01 7.50000e-01 8.51099e-16 
2.50000e-01 7.75000e-01 1.37703e-15 
2.50000e-01 8.00000e-01 -2.67125e-15 
2.50000e-01 8.25000e-01 -2.60004e-15 
2.50000e-01 8.50000e-01 6.97421e-15 
2.50000e-01 8.75000e-01 6.52145e-16 
2.50000e-01 9.00000e-01 -1.41013e-14 
2.50000e-01 9.25000e-01 4.94431e-15 
2.50000e-01 9.50000e-01 1.00517e-14 
2.50000e-01 9.75000e-01 -1.92226e-14 
2.50000e-01 1.00000e+00 0.00000e+00 

2.75000e-01 0.00000e+00 0.00000e+00 
2.75000e-01 2.50000e-02 -1.73750e-14 
2.75000e-01 5.00000e-02 1.15741e-14 
2.75000e-01 7.50000e-02 5.38458e-15 
2.75000e-01 1.00000e-01 -1.20459e-14 
2.75000e-01 1.25000e-01 3.30291e-15 
2.75000e-01 1.50000e-01 7.71605e-15 
2.75000e-01 1.75000e-01 -1.83187e-15 
2.75000e-01 2.00000e-01 -2.76168e-15 
2.75000e-01 2.25000e-01 8.81240e-16 
2.75000e-01 2.50000e-01 -7.73415e-17 
2.75000e-01 2.75000e-01 -1.39125e-15 
2.75000e-01 3.00000e-01 -9.43690e-16 
2.75000e-01 3.25000e-01 6.52256e-16 
2.75000e-01 3.50000e-01 1.66533e-15 
2.75000e-01 3.75000e-01 -2.81719e-15 
2.75000e-01 4.00000e-01 -3.60822e-16 
2.75000e-01 4.25000e-01 -7.21645e-16 
2.75000e-01 4.50000e-01 -4.71845e-16 
2.75000e-01 4.75000e-01 -9.71445e-16 
2.75000e-01 5.00000e-01 -2.08167e-15 
2.75000e-01 5.25000e-01 2.85882e-15 
2.75000e-01 5.50000e-01 -2.77556e-16 
2.75000e-01 5.75000e-01 -4.71845e-16 
2.75000e-01 6.00000e-01 -2.22045e-16 
2.75000e-01 6.25000e-01 -8.32667e-17 
2.75000e-01 6.50000e-01 -4.30211e-16 
2.75000e-01 6.75000e-01 5.13478e-16 
2.75000e-01 7.00000e-01 -5.55112e-17 
2.75000e-01 7.25000e-01 -1.22125e-15 
2.75000e-01 7.50000e-01 2.46708e-17 
2.75000e-01 7.75000e-01 1.45717e-15 
2.75000e-01 8.00000e-01 -2.80331e-15 
2.75000e-01 8.25000e-01 -3.08087e-15 
2.75000e-01 8.50000e-01 7.49401e-15 
2.75000e-01 8.75000e-01 3.41394e-15 
2.75000e-01 9.00000e-01 -1.06859e-14 
2.75000e-01 9.25000e-01 6.96665e-15 
2.75000e-01 9.50000e-01 1.53766e-14 
2.75000e-01 9.75000e-01 -1.73472e-14 
2.75000e-01 1.00000e+00 0.00000e+00 

3.00000e-01 0.00000e+00 0.00000e+00 
3.00000e-01 2.50000e-02 -3.75255e-14 
3.00000e-01 5.00000e-02 2.35367e-14 
3.00000e-01 7.50000e-02 9.21485e-15 
3.00000e-01 1.00000e-01 -2.38698e-14 
3.00000e-01 1.25000e-01 -1.47105e-15 
3.00000e-01 1.50000e-01 1.62925e-14 
3.00000e-01 1.75000e-01 -8.07687e-15 
3.00000e-01 2.00000e-01 -4.37150e-15 
3.00000e-01 2.25000e-01 2.70617e-15 
3.00000e-01 2.50000e-01 1.21707e-15 
3.00000e-01 2.75000e-01 -1.19349e-15 
3.00000e-01 3.00000e-01 2.15106e-15 
3.00000e-01 3.25000e-01 2.85882e-15 
3.00000e-01 3.50000e-01 3.60822e-16 
3.00000e-01 3.75000e-01 4.19109e-15 
3.00000e-01 4.00000e-01 -3.55271e-15 
3.00000e-01 4.25000e-01 -1.22125e-15 
3.00000e-01 4.50000e-01 2.44249e-15 
3.00000e-01 4.75000e-01 -2.05391e-15 
3.00000e-01 5.00000e-01 -8.88178e-16 
3.00000e-01 5.25000e-01 -3.44169e-15 
3.00000e-01 5.50000e-01 1.44329e-15 
3.00000e-01 5.75000e-01 -2.72005e-15 
3.00000e-01 6.00000e-01 2.22045e-16 
3.00000e-01 6.25000e-01 2.22045e-15 
3.00000e-01 6.50000e-01 1.47105e-15 
3.00000e-01 6.75000e-01 3.27516e-15 
3.00000e-01 7.00000e-01 1.11022e-15 
3.00000e-01 7.25000e-01 -3.74700e-16 
3.00000e-01 7.50000e-01 1.14097e-15 
3.00000e-01 7.75000e-01 2.69229e-15 
3.00000e-01 8.00000e-01 -4.82947e-15 
3.00000e-01 8.25000e-01 -7.02216e-15 
3.00000e-01 8.50000e-01 1.57374e-14 
3.00000e-01 8.75000e-01 4.16334e-15 
3.00000e-01 9.00000e-01 -2.94209e-14 
3.00000e-01 9.25000e-01 7.49401e-15 
3.00000e-01 9.50000e-01 1.87073e-14 
3.00000e-01 9.75000e-01 -3.68594e-14 
3.00000e-01 1.00000e+00 0.00000e+00 

3.25000e-01 0.00000e+00 0.00000e+00 
3.25000e-01 2.50000e-02 -4.65183e-14 
3.25000e-01 5.00000e-02 3.00870e-14 
3.25000e-01 7.50000e-02 1.60982e-14 
3.25000e-01 1.00000e-01 -3.63598e-14 
3.25000e-01 1.25000e-01 9.38138e-15 
3.25000e-01 1.50000e-01 1.78191e-14 
3.25000e-01 1.75000e-01 -7.32747e-15 
3.25000e-01 2.00000e-01 -8.52096e-15 
3.25000e-01 2.25000e-01 4.27436e-15 
3.25000e-01 2.50000e-01 2.22734e-15 
3.25000e-01 2.75000e-01 2.91434e-16 
3.25000e-01 3.00000e-01 4.91274e-15 
3.25000e-01 3.25000e-01 9.35363e-15 
3.25000e-01 3.50000e-01 4.38538e-15 
3.25000e-01 3.75000e-01 -1.11022e-15 
3.25000e-01 4.00000e-01 4.38538e-15 
3.25000e-01 4.25000e-01 1.33227e-15 
3.25000e-01 4.50000e-01 -5.77316e-15 
3.25000e-01 4.75000e-01 6.66134e-16 
3.25000e-01 5.00000e-01 1.27676e-15 
3.25000e-01 5.25000e-01 6.27276e-15 
3.25000e-01 5.50000e-01 -5.10703e-15 
3.25000e-01 5.75000e-01 -5.71765e-15 
3.25000e-01 6.00000e-01 1.55431e-15 
3.25000e-01 6.25000e-01 1.77636e-15 
3.25000e-01 6.50000e-01 2.38698e-15 
3.25000e-01 6.75000e-01 6.68909e-15 
3.25000e-01 7.00000e-01 3.02536e-15 
3.25000e-01 7.25000e-01 1.02696e-15 
3.25000e-01 7.50000e-01 2.20843e-15 
3.25000e-01 7.75000e-01 2.99760e-15 
3.25000e-01 8.00000e-01 -7.91034e-15 
3.25000e-01 8.25000e-01 -7.24421e-15 
3.25000e-01 8.50000e-01 1.81521e-14 
3.25000e-01 8.75000e-01 1.83187e-15 
3.25000e-01 9.00000e-01 -3.49165e-14 
3.25000e-01 9.25000e-01 2.23155e-14 
3.25000e-01 9.50000e-01 3.00870e-14 
3.25000e-01 9.75000e-01 -5.83422e-14 
3.25000e-01 1.00000e+00 0.00000e+00 

3.50000e-01 0.00000e+00 0.00000e+00 
3.50000e-01 2.50000e-02 -4.49640e-14 
3.50000e-01 5.00000e-02 2.20934e-14 
3.50000e-01 7.50000e-02 1.65423e-14 
3.50000e-01 1.00000e-01 -2.89768e-14 
3.50000e-01 1.25000e-01 3.10862e-15 
3.50000e-01 1.50000e-01 1.59317e-14 
3.50000e-01 1.75000e-01 -7.27196e-15 
3.50000e-01 2.00000e-01 -5.82867e-15 
3.50000e-01 2.25000e-01 1.79023e-15 
3.50000e-01 2.50000e-01 1.35179e-15 
3.50000e-01 2.75000e-01 -6.10623e-16 
3.50000e-01 3.00000e-01 -1.36002e-15 
3.50000e-01 3.25000e-01 4.38538e-15 
3.50000e-01 3.50000e-01 6.99441e-15 
3.50000e-01 3.75000e-01 -4.44089e-16 
3.50000e-01 4.00000e-01 -1.60982e-15 
3.50000e-01 4.25000e-01 -3.88578e-15 
3.50000e-01 4.50000e-01 -5.44009e-15 
3.50000e-01 4.75000e-01 4.55191e-15 
3.50000e-01 5.00000e-01 1.11022e-15 
3.50000e-01 5.25000e-01 -8.88178e-16 
3.50000e-01 5.50000e-01 -1.22125e-15 
3.50000e-01 5.75000e-01 -8.32667e-15 
3.50000e-01 6.00000e-01 5.27356e-15 
3.50000e-01 6.25000e-01 3.88578e-15 
3.50000e-01 6.50000e-01 2.88658e-15 
3.50000e-01 6.75000e-01 6.66134e-15 
3.50000e-01 7.00000e-01 7.21645e-16 
3.50000e-01 7.25000e-01 -4.99600e-16 
3.50000e-01 7.50000e-01 1.88607e-15 
3.50000e-01 7.75000e-01 3.76088e-15 
3.50000e-01 8.00000e-01 -5.38458e-15 
3.50000e-01 8.25000e-01 -6.49480e-15 
3.50000e-01 8.50000e-01 1.41553e-14 
3.50000e-01 8.75000e-01 1.29896e-14 
3.50000e-01 9.00000e-01 -3.30846e-14 
3.50000e-01 9.25000e-01 9.54792e-15 
3.50000e-01 9.50000e-01 3.18634e-14 
3.50000e-01 9.75000e-01 -3.94129e-14 
3.50000e-01 1.00000e+00 0.00000e+00 

3.75000e-01 0.00000e+00 0.00000e+00 
3.75000e-01 2.50000e-02 -1.72085e-14 
3.75000e-01 5.00000e-02 1.29896e-14 
3.75000e-01 7.50000e-02 -1.44329e-15 
3.75000e-01 1.00000e-01 -2.17604e-14 
3.75000e-01 1.25000e-01 4.44089e-15 
3.75000e-01 1.50000e-01 7.38298e-15 
3.75000e-01 1.75000e-01 1.72085e-15 
3.75000e-01 2.00000e-01 -5.19029e-15 
3.75000e-01 2.25000e-01 2.48412e-15 
3.75000e-01 2.50000e-01 1.34448e-15 
3.75000e-01 2.75000e-01 -1.38778e-16 
3.75000e-01 3.00000e-01 2.47025e-15 
3.75000e-01 3.25000e-01 -3.88578e-16 
3.75000e-01 3.50000e-01 -3.21965e-15 
3.75000e-01 3.75000e-01 2.33147e-15 
3.75000e-01 4.00000e-01 3.55271e-15 
3.75000e-01 4.25000e-01 -5.44009e-15 
3.75000e-01 4.50000e-01 5.10703e-15 
3.75000e-01 4.75000e-01 -8.88178e-16 
3.75000e-01 5.00000e-01 -1.82077e-14 
3.75000e-01 5.25000e-01 4.77396e-15 
3.75000e-01 5.50000e-01 9.21485e-15 
3.75000e-01 5.75000e-01 -4.21885e-15 
3.75000e-01 6.00000e-01 -4.77396e-15 
3.75000e-01 6.25000e-01 -2.99760e-15 
3.75000e-01 6.50000e-01 2.49800e-15 
3.75000e-01 6.75000e-01 -1.60982e-15 
3.75000e-01 7.00000e-01 3.85803e-15 
3.75000e-01 7.25000e-01 -1.31839e-15 
3.75000e-01 7.50000e-01 3.90102e-16 
3.75000e-01 7.75000e-01 2.47025e-15 
3.75000e-01 8.00000e-01 -6.41154e-15 
3.75000e-01 8.25000e-01 -2.33147e-15 
3.75000e-01 8.50000e-01 9.65894e-15 
3.75000e-01 8.75000e-01 -6.43929e-15 
3.75000e-01 9.00000e-01 -6.32827e-15 
3.75000e-01 9.25000e-01 6.99441e-15 
3.75000e-01 9.50000e-01 1.88738e-15 
3.75000e-01 9.75000e-01 -2.42029e-14 
3.75000e-01 1.00000e+00 0.00000e+00 

4.00000e-01 0.00000e+00 0.00000e+00 
4.00000e-01 2.50000e-02 -2.50910e-14 
4.00000e-01 5.00000e-02 1.21014e-14 
4.00000e-01 7.50000e-02 1.49880e-14 
4.00000e-01 1.00000e-01 -8.10463e-15 
4.00000e-01 1.25000e-01 7.43849e-15 
4.00000e-01 1.50000e-01 4.38538e-15 
4.00000e-01 1.75000e-01 3.88578e-16 
4.00000e-01 2.00000e-01 -5.27356e-16 
4.00000e-01 2.25000e-01 -2.77556e-16 
4.00000e-01 2.50000e-01 -4.95380e-17 
4.00000e-01 2.75000e-01 8.32667e-17 
4.00000e-01 3.00000e-01 3.41394e-15 
4.00000e-01 3.25000e-01 -2.55351e-15 
4.00000e-01 3.50000e-01 -1.60982e-15 
4.00000e-01 3.75000e-01 -1.99840e-15 
4.00000e-01 4.00000e-01 5.21805e-15 
4.00000e-01 4.25000e-01 -3.88578e-15 
4.00000e-01 4.50000e-01 -9.32587e-15 
4.00000e-01 4.75000e-01 0.00000e+00 
4.00000e-01 5.00000e-01 -2.88658e-15 
4.00000e-01 5.25000e-01 5.66214e-15 
4.00000e-01 5.50000e-01 -9.99201e-16 
4.00000e-01 5.75000e-01 -1.33227e-15 
4.00000e-01 6.00000e-01 -1.15463e-14 
4.00000e-01 6.25000e-01 3.77476e-15 
4.00000e-01 6.50000e-01 -5.60663e-15 
4.00000e-01 6.75000e-01 -9.43690e-16 
4.00000e-01 7.00000e-01 2.72005e-15 
4.00000e-01 7.25000e-01 -1.22125e-15 
4.00000e-01 7.50000e-01 6.25663e-16 
4.00000e-01 7.75000e-01 -1.49880e-15 
4.00000e-01 8.00000e-01 3.60822e-16 
4.00000e-01 8.25000e-01 -1.66533e-16 
4.00000e-01 8.50000e-01 1.35447e-14 
4.00000e-01 8.75000e-01 -4.99600e-15 
4.00000e-01 9.00000e-01 -1.77636e-14 
4.00000e-01 9.25000e-01 1.23235e-14 
4.00000e-01 9.50000e-01 2.59792e-14 
4.00000e-01 9.75000e-01 -8.54872e-15 
4.00000e-01 1.00000e+00 0.00000e+00 

4.25000e-01 0.00000e+00 0.00000e+00 
4.25000e-01 2.50000e-02 1.93179e-14 
4.25000e-01 5.00000e-02 -9.32587e-15 
4.25000e-01 7.50000e-02 1.35447e-14 
4.25000e-01 1.00000e-01 -7.32747e-15 
4.25000e-01 1.25000e-01 1.49880e-14 
4.25000e-01 1.50000e-01 -5.77316e-15 
4.25000e-01 1.75000e-01 2.05391e-15 
4.25000e-01 2.00000e-01 -1.11022e-16 
4.25000e-01 2.25000e-01 -1.88738e-15 
4.25000e-01 2.50000e-01 -1.41295e-16 
4.25000e-01 2.75000e-01 -1.47105e-15 
4.25000e-01 3.00000e-01 -3.33067e-15 
4.25000e-01 3.25000e-01 -5.55112e-17 
4.25000e-01 3.50000e-01 -3.88578e-15 
4.25000e-01 3.75000e-01 -8.21565e-15 
4.25000e-01 4.00000e-01 -6.66134e-15 
4.25000e-01 4.25000e-01 3.21965e-15 
4.25000e-01 4.50000e-01 6.55032e-15 
4.25000e-01 4.75000e-01 2.77556e-15 
4.25000e-01 5.00000e-01 9.10383e-15 
4.25000e-01 5.25000e-01 2.88658e-15 
4.25000e-01 5.50000e-01 -7.32747e-15 
4.25000e-01 5.75000e-01 1.13243e-14 
4.25000e-01 6.00000e-01 4.44089e-15 
4.25000e-01 6.25000e-01 1.77636e-15 
4.25000e-01 6.50000e-01 1.88738e-15 
4.25000e-01 6.75000e-01 2.27596e-15 
4.25000e-01 7.00000e-01 -4.32987e-15 
4.25000e-01 7.25000e-01 0.00000e+00 
4.25000e-01 7.50000e-01 -7.90423e-16 
4.25000e-01 7.75000e-01 4.16334e-16 
4.25000e-01 8.00000e-01 -1.27676e-15 
4.25000e-01 8.25000e-01 1.11022e-16 
4.25000e-01 8.50000e-01 -7.77156e-15 
4.25000e-01 8.75000e-01 1.94289e-14 
4.25000e-01 9.00000e-01 -4.44089e-15 
4.25000e-01 9.25000e-01 -3.10862e-15 
4.25000e-01 9.50000e-01 -3.77476e-15 
4.25000e-01 9.75000e-01 1.36557e-14 
4.25000e-01 1.00000e+00 0.00000e+00 

4.50000e-01 0.00000e+00 0.00000e+00 
4.50000e-01 2.50000e-02 4.21885e-15 
4.50000e-01 5.00000e-02 7.32747e-15 
4.50000e-01 7.50000e-02 1.88738e-15 
4.50000e-01 1.00000e-01 -4.66294e-15 
4.50000e-01 1.25000e-01 -7.88258e-15 
4.50000e-01 1.50000e-01 1.22125e-15 
4.50000e-01 1.75000e-01 2.22045e-15 
4.50000e-01 2.00000e-01 2.16493e-15 
4.50000e-01 2.25000e-01 7.49401e-16 
4.50000e-01 2.50000e-01 3.75445e-16 
4.50000e-01 2.75000e-01 2.22045e-16 
4.50000e-01 3.00000e-01 3.49720e-15 
4.50000e-01 3.25000e-01 -4.38538e-15 
4.50000e-01 3.50000e-01 -1.22125e-15 
4.50000e-01 3.75000e-01 1.47660e-14 
4.50000e-01 4.00000e-01 1.77636e-15 
4.50000e-01 4.25000e-01 -1.77636e-15 
4.50000e-01 4.50000e-01 -7.32747e-15 
4.50000e-01 4.75000e-01 6.77236e-15 
4.50000e-01 5.00000e-01 -1.40998e-14 
4.50000e-01 5.25000e-01 4.10783e-15 
4.50000e-01 5.50000e-01 -4.55191e-15 
4.50000e-01 5.75000e-01 -1.87628e-14 
4.50000e-01 6.00000e-01 -3.88578e-15 
4.50000e-01 6.25000e-01 -1.27676e-14 
4.50000e-01 6.50000e-01 3.33067e-16 
4.50000e-01 6.75000e-01 -1.38778e-15 
4.50000e-01 7.00000e-01 -1.66533e-15 
4.50000e-01 7.25000e-01 -1.99840e-15 
4.50000e-01 7.50000e-01 1.04207e-15 
4.50000e-01 7.75000e-01 8.32667e-16 
4.50000e-01 8.00000e-01 3.10862e-15 
4.50000e-01 8.25000e-01 1.13798e-14 
4.50000e-01 8.50000e-01 6.66134e-16 
4.50000e-01 8.75000e-01 -1.18794e-14 
4.50000e-01 9.00000e-01 9.99201e-16 
4.50000e-01 9.25000e-01 7.54952e-15 
4.50000e-01 9.50000e-01 1.28786e-14 
4.50000e-01 9.75000e-01 -1.25455e-14 
4.50000e-01 1.00000e+00 0.00000e+00 

4.75000e-01 0.00000e+00 0.00000e+00 
4.75000e-01 2.50000e-02 4.66294e-15 
4.75000e-01 5.00000e-02 9.88098e-15 
4.75000e-01 7.50000e-02 -2.66454e-15 
4.75000e-01 1.00000e-01 -5.66214e-15 
4.75000e-01 1.25000e-01 7.66054e-15 
4.75000e-01 1.50000e-01 6.55032e-15 
4.75000e-01 1.75000e-01 -6.32827e-15 
4.75000e-01 2.00000e-01 -6.10623e-16 
4.75000e-01 2.25000e-01 -1.19349e-15 
4.75000e-01 2.50000e-01 6.33411e-16 
4.75000e-01 2.75000e-01 -2.44249e-15 
4.75000e-01 3.00000e-01 -4.10783e-15 
4.75000e-01 3.25000e-01 -2.10942e-15 
4.75000e-01 3.50000e-01 1.88738e-15 
4.75000e-01 3.75000e-01 -1.75415e-14 
4.75000e-01 4.00000e-01 5.55112e-15 
4.75000e-01 4.25000e-01 -8.32667e-15 
4.75000e-01 4.50000e-01 -1.26565e-14 
4.75000e-01 4.75000e-01 -1.99840e-15 
4.75000e-01 5.00000e-01 -7.77156e-16 
4.75000e-01 5.25000e-01 3.66374e-15 
4.75000e-01 5.50000e-01 9.54792e-15 
4.75000e-01 5.75000e-01 -3.10862e-15 
4.75000e-01 6.00000e-01 2.66454e-15 
4.75000e-01 6.25000e-01 1.46549e-14 
4.75000e-01 6.50000e-01 -7.77156e-16 
4.75000e-01 6.75000e-01 -3.94129e-15 
4.75000e-01 7.00000e-01 -3.44169e-15 
4.75000e-01 7.25000e-01 2.24820e-15 
4.75000e-01 7.50000e-01 -1.65509e-16 
4.75000e-01 7.75000e-01 1.05471e-15 
4.75000e-01 8.00000e-01 3.33067e-16 
4.75000e-01 8.25000e-01 -1.99840e-15 
4.75000e-01 8.50000e-01 -3.88578e-15 
4.75000e-01 8.75000e-01 6.55032e-15 
4.75000e-01 9.00000e-01 0.00000e+00 
4.75000e-01 9.25000e-01 -2.55351e-15 
4.75000e-01 9.50000e-01 7.10543e-15 
4.75000e-01 9.75000e-01 1.28786e-14 
4.75000e-01 1.00000e+00 0.00000e+00 

5.00000e-01 0.00000e+00 0.00000e+00 
5.00000e-01 2.50000e-02 6.66134e-16 
5.00000e-01 5.00000e-02 -5.32907e-15 
5.00000e-01 7.50000e-02 2.10942e-15 
5.00000e-01 1.00000e-01 -5.55112e-15 
5.00000e-01 1.25000e-01 5.66214e-15 
5.00000e-01 1.50000e-01 4.44089e-15 
5.00000e-01 1.75000e-01 1.38778e-15 
5.00000e-01 2.00000e-01 -2.44249e-15 
5.00000e-01 2.25000e-01 1.49880e-15 
5.00000e-01 2.50000e-01 -6.12323e-17 
5.00000e-01 2.75000e-01 1.38778e-15 
5.00000e-01 3.00000e-01 -8.88178e-16 
5.00000e-01 3.25000e-01 4.05231e-15 
5.00000e-01 3.50000e-01 -3.33067e-16 
5.00000e-01 3.75000e-01 -5.77316e-15 
5.00000e-01 4.00000e-01 -2.88658e-15 
5.00000e-01 4.25000e-01 7.77156e-16 
5.00000e-01 4.50000e-01 5.32907e-15 
5.00000e-01 4.75000e-01 -7.77156e-16 
5.00000e-01 5.00000e-01 -3.55271e-15 
5.00000e-01 5.25000e-01 -6.66134e-16 
5.00000e-01 5.50000e-01 -8.54872e-15 
5.00000e-01 5.75000e-01 -2.33147e-15 
5.00000e-01 6.00000e-01 -1.13243e-14 
5.00000e-01 6.25000e-01 -1.24345e-14 
5.00000e-01 6.50000e-01 -5.66214e-15 
5.00000e-01 6.75000e-01 -1.27676e-15 
5.00000e-01 7.00000e-01 6.05072e-15 
5.00000e-01 7.25000e-01 5.27356e-16 
5.00000e-01 7.50000e-01 -1.63248e-16 
5.00000e-01 7.75000e-01 1.74860e-15 
5.00000e-01 8.00000e-01 -4.32987e-15 
5.00000e-01 8.25000e-01 1.66533e-16 
5.00000e-01 8.50000e-01 3.77476e-15 
5.00000e-01 8.75000e-01 8.65974e-15 
5.00000e-01 9.00000e-01 -8.21565e-15 
5.00000e-01 9.25000e-01 4.99600e-15 
5.00000e-01 9.50000e-01 5.77316e-15 
5.00000e-01 9.75000e-01 -2.22045e-15 
5.00000e-01 1.00000e+00 0.00000e+00 

5.25000e-01 0.00000e+00 0.00000e+00 
5.25000e-01 2.50000e-02 -6.55032e-15 
5.25000e-01 5.00000e-02 1.44329e-15 
5.25000e-01 7.50000e-02 5.55112e-15 
5.25000e-01 1.00000e-01 1.08802e-14 
5.25000e-01 1.25000e-01 -6.66134e-16 
5.25000e-01 1.50000e-01 6.43929e-15 
5.25000e-01 1.75000e-01 -3.60822e-15 
5.25000e-01 2.00000e-01 1.44329e-15 
5.25000e-01 2.25000e-01 -1.38778e-15 
5.25000e-01 2.50000e-01 -4.07423e-16 
5.25000e-01 2.75000e-01 1.05471e-15 
5.25000e-01 3.00000e-01 2.10942e-15 
5.25000e-01 3.25000e-01 -6.66134e-16 
5.25000e-01 3.50000e-01 1.99840e-15 
5.25000e-01 3.75000e-01 1.99840e-15 
5.25000e-01 4.00000e-01 5.66214e-15 
5.25000e-01 4.25000e-01 5.66214e-15 
5.25000e-01 4.50000e-01 4.10783e-15 
5.25000e-01 4.75000e-01 -1.02141e-14 
5.25000e-01 5.00000e-01 1.04361e-14 
5.25000e-01 5.25000e-01 -1.01030e-14 
5.25000e-01 5.50000e-01 1.33227e-15 
5.25000e-01 5.75000e-01 1.36557e-14 
5.25000e-01 6.00000e-01 8.32667e-15 
5.25000e-01 6.25000e-01 -1.88738e-15 
5.25000e-01 6.50000e-01 -6.66134e-16 
5.25000e-01 6.75000e-01 -4.44089e-16 
5.25000e-01 7.00000e-01 -2.77556e-15 
5.25000e-01 7.25000e-01 3.66374e-15 
5.25000e-01 7.50000e-01 7.01852e-16 
5.25000e-01 7.75000e-01 2.77556e-15 
5.25000e-01 8.00000e-01 -3.16414e-15 
5.25000e-01 8.25000e-01 2.10942e-15 
5.25000e-01 8.50000e-01 -3.99680e-15 
5.25000e-01 8.75000e-01 3.66374e-15 
5.25000e-01 9.00000e-01 2.66454e-15 
5.25000e-01 9.25000e-01 5.66214e-15 
5.25000e-01 9.50000e-01 1.44329e-15 
5.25000e-01 9.75000e-01 7.21645e-15 
5.25000e-01 1.00000e+00 0.00000e+00 

5.50000e-01 0.00000e+00 0.00000e+00 
5.50000e-01 2.50000e-02 1.53211e-14 
5.50000e-01 5.00000e-02 -9.99201e-16 
5.50000e-01 7.50000e-02 -3.66374e-15 
5.50000e-01 1.00000e-01 -4.66294e-15 
5.50000e-01 1.25000e-01 3.33067e-16 
5.50000e-01 1.50000e-01 -1.44329e-15 
5.50000e-01 1.75000e-01 -7.54952e-15 
5.50000e-01 2.00000e-01 -1.33227e-15 
5.50000e-01 2.25000e-01 2.13718e-15 
5.50000e-01 2.50000e-01 -5.82354e-17 
5.50000e-01 2.75000e-01 -1.85962e-15 
5.50000e-01 3.00000e-01 1.44329e-15 
5.50000e-01 3.25000e-01 -5.77316e-15 
5.50000e-01 3.50000e-01 -4.10783e-15 
5.50000e-01 3.75000e-01 6.43929e-15 
5.50000e-01 4.00000e-01 -9.99201e-16 
5.50000e-01 4.25000e-01 -1.01030e-14 
5.50000e-01 4.50000e-01 -1.28786e-14 
5.50000e-01 4.75000e-01 3.99680e-15 
5.50000e-01 5.00000e-01 -2.99760e-15 
5.50000e-01 5.25000e-01 -1.44329e-15 
5.50000e-01 5.50000e-01 1.48770e-14 
5.50000e-01 5.75000e-01 -2.15383e-14 
5.50000e-01 6.00000e-01 -1.11022e-15 
5.50000e-01 6.25000e-01 -3.10862e-15 
5.50000e-01 6.50000e-01 3.10862e-15 
5.50000e-01 6.75000e-01 1.38778e-15 
5.50000e-01 7.00000e-01 -6.21725e-15 
5.50000e-01 7.25000e-01 -2.16493e-15 
5.50000e-01 7.50000e-01 -8.55023e-17 
5.50000e-01 7.75000e-01 8.32667e-16 
5.50000e-01 8.00000e-01 -3.88578e-16 
5.50000e-01 8.25000e-01 1.66533e-15 
5.50000e-01 8.50000e-01 6.66134e-16 
5.50000e-01 8.75000e-01 4.77396e-15 
5.50000e-01 9.00000e-01 -4.55191e-15 
5.50000e-01 9.25000e-01 -6.32827e-15 
5.50000e-01 9.50000e-01 -6.55032e-15 
5.50000e-01 9.75000e-01 1.79856e-14 
5.50000e-01 1.00000e+00 0.00000e+00 

5.75000e-01 0.00000e+00 0.00000e+00 
5.75000e-01 2.50000e-02 5.77316e-15 
5.75000e-01 5.00000e-02 -3.44169e-15 
5.75000e-01 7.50000e-02 1.93179e-14 
5.75000e-01 1.00000e-01 -4.32987e-15 
5.75000e-01 1.25000e-01 8.32667e-15 
5.75000e-01 1.50000e-01 4.10783e-15 
5.75000e-01 1.75000e-01 2.22045e-15 
5.75000e-01 2.00000e-01 1.05471e-15 
5.75000e-01 2.25000e-01 -6.93889e-16 
5.75000e-01 2.50000e-01 -7.48448e-16 
5.75000e-01 2.75000e-01 1.94289e-16 
5.75000e-01 3.00000e-01 -6.66134e-16 
5.75000e-01 3.25000e-01 -2.94209e-15 
5.75000e-01 3.50000e-01 0.00000e+00 
5.75000e-01 3.75000e-01 2.66454e-15 
5.75000e-01 4.00000e-01 -1.24345e-14 
5.75000e-01 4.25000e-01 1.40998e-14 
5.75000e-01 4.50000e-01 3.44169e-15 
5.75000e-01 4.75000e-01 7.99361e-15 
5.75000e-01 5.00000e-01 -2.33147e-15 
5.75000e-01 5.25000e-01 8.10463e-15 
5.75000e-01 5.50000e-01 -7.66054e-15 
5.75000e-01 5.75000e-01 8.21565e-15 
5.75000e-01 6.00000e-01 1.33227e-15 
5.75000e-01 6.25000e-01 4.21885e-15 
5.75000e-01 6.50000e-01 -5.32907e-15 
5.75000e-01 6.75000e-01 -6.66134e-16 
5.75000e-01 7.00000e-01 -3.33067e-16 
5.75000e-01 7.25000e-01 -1.38778e-16 
5.75000e-01 7.50000e-01 -3.13374e-16 
5.75000e-01 7.75000e-01 1.38778e-16 
5.75000e-01 8.00000e-01 -3.94129e-15 
5.75000e-01 8.25000e-01 4.38538e-15 
5.75000e-01 8.50000e-01 -3.33067e-15 
5.75000e-01 8.75000e-01 5.77316e-15 
5.75000e-01 9.00000e-01 -9.76996e-15 
5.75000e-01 9.25000e-01 5.55112e-15 
5.75000e-01 9.50000e-01 7.66054e-15 
5.75000e-01 9.75000e-01 8.43769e-15 
5.75000e-01 1.00000e+00 0.00000e+00 

6.00000e-01 0.00000e+00 0.00000e+00 
6.00000e-01 2.50000e-02 -1.94289e-14 
6.00000e-01 5.00000e-02 3.88578e-15 
6.00000e-01 7.50000e-02 1.50990e-14 
6.00000e-01 1.00000e-01 -8.10463e-15 
6.00000e-01 1.25000e-01 1.88738e-15 
6.00000e-01 1.50000e-01 5.82867e-15 
6.00000e-01 1.75000e-01 -9.99201e-16 
6.00000e-01 2.00000e-01 -4.99600e-16 
6.00000e-01 2.25000e-01 -1.02696e-15 
6.00000e-01 2.50000e-01 9.47928e-16 
6.00000e-01 2.75000e-01 5.55112e-17 
6.00000e-01 3.00000e-01 5.82867e-16 
6.00000e-01 3.25000e-01 -5.38458e-15 
6.00000e-01 3.50000e-01 -2.77556e-16 
6.00000e-01 3.75000e-01 -4.77396e-15 
6.00000e-01 4.00000e-01 6.55032e-15 
6.00000e-01 4.25000e-01 -6.66134e-15 
6.00000e-01 4.50000e-01 -6.66134e-15 
6.00000e-01 4.75000e-01 -8.43769e-15 
6.00000e-01 5.00000e-01 -5.77316e-15 
6.00000e-01 5.25000e-01 8.32667e-15 
6.00000e-01 5.50000e-01 -1.22125e-14 
6.00000e-01 5.75000e-01 4.10783e-15 
6.00000e-01 6.00000e-01 -8.77076e-15 
6.00000e-01 6.25000e-01 -7.43849e-15 
6.00000e-01 6.50000e-01 -1.49880e-15 
6.00000e-01 6.75000e-01 3.88578e-15 
6.00000e-01 7.00000e-01 1.97065e-15 
6.00000e-01 7.25000e-01 -7.49401e-16 
6.00000e-01 7.50000e-01 1.91982e-16 
6.00000e-01 7.75000e-01 2.22045e-16 
6.00000e-01 8.00000e-01 3.88578e-15 
6.00000e-01 8.25000e-01 -4.32987e-15 
6.00000e-01 8.50000e-01 6.66134e-15 
6.00000e-01 8.75000e-01 1.04361e-14 
6.00000e-01 9.00000e-01 -1.76525e-14 
6.00000e-01 9.25000e-01 1.52101e-14 
6.00000e-01 9.50000e-01 1.49880e-14 
6.00000e-01 9.75000e-01 -1.67644e-14 
6.00000e-01 1.00000e+00 0.00000e+00 

6.25000e-01 0.00000e+00 0.00000e+00 
6.25000e-01 2.50000e-02 -1.88738e-14 
6.25000e-01 5.00000e-02 2.10942e-14 
6.25000e-01 7.50000e-02 3.88578e-15 
6.25000e-01 1.00000e-01 -1.77636e-14 
6.25000e-01 1.25000e-01 2.99760e-15 
6.25000e-01 1.50000e-01 7.21645e-15 
6.25000e-01 1.75000e-01 -1.16573e-15 
6.25000e-01 2.00000e-01 -6.63358e-15 
6.25000e-01 2.25000e-01 1.09635e-15 
6.25000e-01 2.50000e-01 -1.30034e-16 
6.25000e-01 2.75000e-01 -2.17881e-15 
6.25000e-01 3.00000e-01 4.71845e-16 
6.25000e-01 3.25000e-01 -2.77556e-16 
6.25000e-01 3.50000e-01 3.88578e-15 
6.25000e-01 3.75000e-01 -2.22045e-16 
6.25000e-01 4.00000e-01 -1.77636e-15 
6.25000e-01 4.25000e-01 -5.21805e-15 
6.25000e-01 4.50000e-01 3.88578e-15 
6.25000e-01 4.75000e-01 4.88498e-15 
6.25000e-01 5.00000e-01 -1.11022e-14 
6.25000e-01 5.25000e-01 -3.33067e-15 
6.25000e-01 5.50000e-01 -1.27676e-14 
6.25000e-01 5.75000e-01 2.88658e-15 
6.25000e-01 6.00000e-01 2.22045e-15 
6.25000e-01 6.25000e-01 -1.55431e-15 
6.25000e-01 6.50000e-01 -1.11022e-16 
6.25000e-01 6.75000e-01 -1.55431e-15 
6.25000e-01 7.00000e-01 2.88658e-15 
6.25000e-01 7.25000e-01 -1.70697e-15 
6.25000e-01 7.50000e-01 -4.33892e-16 
6.25000e-01 7.75000e-01 2.09555e-15 
6.25000e-01 8.00000e-01 -3.69149e-15 
6.25000e-01 8.25000e-01 -5.21805e-15 
6.25000e-01 8.50000e-01 8.16014e-15 
6.25000e-01 8.75000e-01 -3.83027e-15 
6.25000e-01 9.00000e-01 -1.21014e-14 
6.25000e-01 9.25000e-01 2.66454e-15 
6.25000e-01 9.50000e-01 9.99201e-15 
6.25000e-01 9.75000e-01 -7.77156e-15 
6.25000e-01 1.00000e+00 0.00000e+00 

6.50000e-01 0.00000e+00 0.00000e+00 
6.50000e-01 2.50000e-02 -4.24105e-14 
6.50000e-01 5.00000e-02 2.18714e-14 
6.50000e-01 7.50000e-02 1.90958e-14 
6.50000e-01 1.00000e-01 -2.49800e-14 
6.50000e-01 1.25000e-01 2.22045e-16 
6.50000e-01 1.50000e-01 2.06501e-14 
6.50000e-01 1.75000e-01 -5.21805e-15 
6.50000e-01 2.00000e-01 -5.24580e-15 
6.50000e-01 2.25000e-01 4.10783e-15 
6.50000e-01 2.50000e-01 1.87220e-15 
6.50000e-01 2.75000e-01 1.24900e-16 
6.50000e-01 3.00000e-01 2.85882e-15 
6.50000e-01 3.25000e-01 5.88418e-15 
6.50000e-01 3.50000e-01 6.38378e-15 
6.50000e-01 3.75000e-01 2.49800e-15 
6.50000e-01 4.00000e-01 -5.55112e-17 
6.50000e-01 4.25000e-01 -5.10703e-15 
6.50000e-01 4.50000e-01 3.33067e-16 
6.50000e-01 4.75000e-01 -6.32827e-15 
6.50000e-01 5.00000e-01 9.65894e-15 
6.50000e-01 5.25000e-01 -6.21725e-15 
6.50000e-01 5.50000e-01 5.88418e-15 
6.50000e-01 5.75000e-01 -1.22125e-15 
6.50000e-01 6.00000e-01 -8.43769e-15 
6.50000e-01 6.25000e-01 1.27676e-15 
6.50000e-01 6.50000e-01 9.99201e-16 
6.50000e-01 6.75000e-01 8.10463e-15 
6.50000e-01 7.00000e-01 8.32667e-17 
6.50000e-01 7.25000e-01 9.99201e-16 
6.50000e-01 7.50000e-01 1.92943e-15 
6.50000e-01 7.75000e-01 5.98133e-15 
6.50000e-01 8.00000e-01 -8.21565e-15 
6.50000e-01 8.25000e-01 -3.10862e-15 
6.50000e-01 8.50000e-01 1.82077e-14 
6.50000e-01 8.75000e-01 7.27196e-15 
6.50000e-01 9.00000e-01 -2.35367e-14 
6.50000e-01 9.25000e-01 1.35447e-14 
6.50000e-01 9.50000e-01 2.32037e-14 
6.50000e-01 9.75000e-01 -3.55271e-14 
6.50000e-01 1.00000e+00 0.00000e+00 

6.75000e-01 0.00000e+00 0.00000e+00 
6.75000e-01 2.50000e-02 -4.81282e-14 
6.75000e-01 5.00000e-02 3.19189e-14 
6.75000e-01 7.50000e-02 9.60343e-15 
6.75000e-01 1.00000e-01 -3.23630e-14 
6.75000e-01 1.25000e-01 2.22045e-15 
6.75000e-01 1.50000e-01 2.18159e-14 
6.75000e-01 1.75000e-01 -5.32907e-15 
6.75000e-01 2.00000e-01 -7.04992e-15 
6.75000e-01 2.25000e-01 3.84415e-15 
6.75000e-01 2.50000e-01 2.18397e-15 
6.75000e-01 2.75000e-01 -2.77556e-17 
6.75000e-01 3.00000e-01 3.27516e-15 
6.75000e-01 3.25000e-01 5.99520e-15 
6.75000e-01 3.50000e-01 4.55191e-15 
6.75000e-01 3.75000e-01 3.94129e-15 
6.75000e-01 4.00000e-01 -9.43690e-16 
6.75000e-01 4.25000e-01 2.94209e-15 
6.75000e-01 4.50000e-01 -1.38778e-15 
6.75000e-01 4.75000e-01 5.05151e-15 
6.75000e-01 5.00000e-01 -8.21565e-15 
6.75000e-01 5.25000e-01 9.27036e-15 
6.75000e-01 5.50000e-01 -1.38778e-15 
6.75000e-01 5.75000e-01 -1.38778e-15 
6.75000e-01 6.00000e-01 1.77636e-15 
6.75000e-01 6.25000e-01 1.88738e-15 
6.75000e-01 6.50000e-01 6.05072e-15 
6.75000e-01 6.75000e-01 6.77236e-15 
6.75000e-01 7.00000e-01 2.74780e-15 
6.75000e-01 7.25000e-01 -3.74700e-16 
6.75000e-01 7.50000e-01 1.92654e-15 
6.75000e-01 7.75000e-01 3.31679e-15 
6.75000e-01 8.00000e-01 -5.19029e-15 
6.75000e-01 8.25000e-01 -5.27356e-15 
6.75000e-01 8.50000e-01 1.73750e-14 
6.75000e-01 8.75000e-01 1.66533e-15 
6.75000e-01 9.00000e-01 -3.65263e-14 
6.75000e-01 9.25000e-01 1.38223e-14 
6.75000e-01 9.50000e-01 2.63678e-14 
6.75000e-01 9.75000e-01 -5.65104e-14 
6.75000e-01 1.00000e+00 0.00000e+00 

7.00000e-01 0.00000e+00 0.00000e+00 
7.00000e-01 2.50000e-02 -3.60822e-14 
7.00000e-01 5.00000e-02 2.00950e-14 
7.00000e-01 7.50000e-02 1.29896e-14 
7.00000e-01 1.00000e-01 -2.56184e-14 
7.00000e-01 1.25000e-01 2.33147e-15 
7.00000e-01 1.50000e-01 1.17684e-14 
7.00000e-01 1.75000e-01 -7.71605e-15 
7.00000e-01 2.00000e-01 -6.45317e-15 
7.00000e-01 2.25000e-01 1.88044e-15 
7.00000e-01 2.50000e-01 8.15914e-16 
7.00000e-01 2.75000e-01 -5.89806e-16 
7.00000e-01 3.00000e-01 2.15106e-15 
7.00000e-01 3.25000e-01 3.88578e-15 
7.00000e-01 3.50000e-01 2.77556e-17 
7.00000e-01 3.75000e-01 3.88578e-16 
7.00000e-01 4.00000e-01 -2.83107e-15 
7.00000e-01 4.25000e-01 -6.10623e-15 
7.00000e-01 4.50000e-01 2.10942e-15 
7.00000e-01 4.75000e-01 -2.05391e-15 
7.00000e-01 5.00000e-01 -6.43929e-15 
7.00000e-01 5.25000e-01 1.44329e-15 
7.00000e-01 5.50000e-01 4.88498e-15 
7.00000e-01 5.75000e-01 -4.77396e-15 
7.00000e-01 6.00000e-01 -1.49880e-15 
7.00000e-01 6.25000e-01 -2.22045e-16 
7.00000e-01 6.50000e-01 -6.10623e-16 
7.00000e-01 6.75000e-01 3.27516e-15 
7.00000e-01 7.00000e-01 1.98452e-15 
7.00000e-01 7.25000e-01 -3.05311e-16 
7.00000e-01 7.50000e-01 8.59075e-16 
7.00000e-01 7.75000e-01 2.08861e-15 
7.00000e-01 8.00000e-01 -4.82947e-15 
7.00000e-01 8.25000e-01 -7.35523e-15 
7.00000e-01 8.50000e-01 1.22680e-14 
7.00000e-01 8.75000e-01 3.80251e-15 
7.00000e-01 9.00000e-01 -2.77001e-14 
7.00000e-01 9.25000e-01 1.23790e-14 
7.00000e-01 9.50000e-01 2.49800e-14 
7.00000e-01 9.75000e-01 -3.40838e-14 
7.00000e-01 1.00000e+00 0.00000e+00 

7.25000e-01 0.00000e+00 0.00000e+00 
7.25000e-01 2.50000e-02 -1.82354e-14 
7.25000e-01 5.00000e-02 1.31006e-14 
7.25000e-01 7.50000e-02 7.82707e-15 
7.25000e-01 1.00000e-01 -1.32672e-14 
7.25000e-01 1.25000e-01 2.81719e-15 
7.25000e-01 1.50000e-01 7.35523e-15 
7.25000e-01 1.75000e-01 -2.16493e-15 
7.25000e-01 2.00000e-01 -2.76862e-15 
7.25000e-01 2.25000e-01 1.65146e-15 
7.25000e-01 2.50000e-01 -5.29469e-17 
7.25000e-01 2.75000e-01 -1.88391e-15 
7.25000e-01 3.00000e-01 -1.59595e-16 
7.25000e-01 3.25000e-01 2.49800e-16 
7.25000e-01 3.50000e-01 -4.16334e-16 
7.25000e-01 3.75000e-01 -2.48412e-15 
7.25000e-01 4.00000e-01 -2.77556e-16 
7.25000e-01 4.25000e-01 5.27356e-16 
7.25000e-01 4.50000e-01 -4.08007e-15 
7.25000e-01 4.75000e-01 2.94209e-15 
7.25000e-01 5.00000e-01 2.60902e-15 
7.25000e-01 5.25000e-01 -1.19349e-15 
7.25000e-01 5.50000e-01 -3.38618e-15 
7.25000e-01 5.75000e-01 1.16573e-15 
7.25000e-01 6.00000e-01 -2.02616e-15 
7.25000e-01 6.25000e-01 -1.05471e-15 
7.25000e-01 6.50000e-01 2.04003e-15 
7.25000e-01 6.75000e-01 2.77556e-16 
7.25000e-01 7.00000e-01 1.38778e-17 
7.25000e-01 7.25000e-01 -1.38778e-15 
7.25000e-01 7.50000e-01 1.41223e-16 
7.25000e-01 7.75000e-01 1.59248e-15 
7.25000e-01 8.00000e-01 -3.60129e-15 
7.25000e-01 8.25000e-01 -2.66454e-15 
7.25000e-01 8.50000e-01 8.29892e-15 
7.25000e-01 8.75000e-01 3.53884e-15 
7.25000e-01 9.00000e-01 -1.08247e-14 
7.25000e-01 9.25000e-01 7.82707e-15 
7.25000e-01 9.50000e-01 1.31006e-14 
7.25000e-01 9.75000e-01 -1.96509e-14 
7.25000e-01 1.00000e+00 0.00000e+00 

7.50000e-01 0.00000e+00 0.00000e+00 
7.50000e-01 2.50000e-02 -1.98485e-14 
7.50000e-01 5.00000e-02 9.96529e-15 
7.50000e-01 7.50000e-02 4.70033e-15 
7.50000e-01 1.00000e-01 -1.32600e-14 
7.50000e-01 1.25000e-01 8.98066e-16 
7.50000e-01 1.50000e-01 6.90072e-15 
7.50000e-01 1.75000e-01 -3.05682e-15 
7.50000e-01 2.00000e-01 -2.99631e-15 
7.50000e-01 2.25000e-01 1.13543e-15 
7.50000e-01 2.50000e-01 6.01732e-16 
7.50000e-01 2.75000e-01 -1.77262e-16 
7.50000e-01 3.00000e-01 1.24939e-15 
7.50000e-01 3.25000e-01 2.08104e-15 
7.50000e-01 3.50000e-01 2.02701e-15 
7.50000e-01 3.75000e-01 1.24391e-15 
7.50000e-01 4.00000e-01 3.62744e-16 
7.50000e-01 4.25000e-01 -2.37480e-16 
7.50000e-01 4.50000e-01 4.15941e-16 
7.50000e-01 4.75000e-01 2.69366e-17 
7.50000e-01 5.00000e-01 -6.02350e-16 
7.50000e-01 5.25000e-01 7.31668e-16 
7.50000e-01 5.50000e-01 3.18363e-16 
7.50000e-01 5.75000e-01 -1.39901e-16 
7.50000e-01 6.00000e-01 5.57900e-16 
7.50000e-01 6.25000e-01 1.08670e-15 
7.50000e-01 6.50000e-01 1.88878e-15 
7.50000e-01 6.75000e-01 2.44154e-15 
7.50000e-01 7.00000e-01 1.21957e-15 
7.50000e-01 7.25000e-01 -2.89748e-16 
7.50000e-01 7.50000e-01 6.20706e-16 
7.50000e-01 7.75000e-01 1.17473e-15 
7.50000e-01 8.00000e-01 -2.94007e-15 
7.50000e-01 8.25000e-01 -3.03717e-15 
7.50000e-01 8.50000e-01 6.88106e-15 
7.50000e-01 8.75000e-01 9.60069e-16 
7.50000e-01 9.00000e-01 -1.34375e-14 
7.50000e-01 9.25000e-01 5.32493e-15 
7.50000e-01 9.50000e-01 9.97376e-15 
7.50000e-01 9.75000e-01 -1.98415e-14 
7.50000e-01 1.00000e+00 0.00000e+00 

7.75000e-01 0.00000e+00 0.00000e+00 
7.75000e-01 2.50000e-02 -1.61260e-14 
7.75000e-01 5.00000e-02 5.46785e-15 
7.75000e-01 7.50000e-02 1.60982e-15 
7.75000e-01 1.00000e-01 -8.96505e-15 
7.75000e-01 1.25000e-01 -9.71445e-17 
7.75000e-01 1.50000e-01 3.78864e-15 
7.75000e-01 1.75000e-01 -1.94289e-15 
7.75000e-01 2.00000e-01 -2.67147e-15 
7.75000e-01 2.25000e-01 1.24206e-15 
7.75000e-01 2.50000e-01 1.22389e-15 
7.75000e-01 2.75000e-01 1.06512e-15 
7.75000e-01 3.00000e-01 2.12330e-15 
7.75000e-01 3.25000e-01 3.78864e-15 
7.75000e-01 3.50000e-01 2.26208e-15 
7.75000e-01 3.75000e-01 2.69229e-15 
7.75000e-01 4.00000e-01 -3.88578e-16 
7.75000e-01 4.25000e-01 9.43690e-16 
7.75000e-01 4.50000e-01 1.05471e-15 
7.75000e-01 4.75000e-01 1.94289e-16 
7.75000e-01 5.00000e-01 3.44169e-15 
7.75000e-01 5.25000e-01 -7.21645e-16 
7.75000e-01 5.50000e-01 2.77556e-17 
7.75000e-01 5.75000e-01 1.41553e-15 
7.75000e-01 6.00000e-01 5.55112e-16 
7.75000e-01 6.25000e-01 1.17961e-15 
7.75000e-01 6.50000e-01 2.52576e-15 
7.75000e-01 6.75000e-01 3.26128e-15 
7.75000e-01 7.00000e-01 2.23432e-15 
7.75000e-01 7.25000e-01 1.31145e-15 
7.75000e-01 7.50000e-01 9.51111e-16 
7.75000e-01 7.75000e-01 6.80012e-16 
7.75000e-01 8.00000e-01 -2.33147e-15 
7.75000e-01 8.25000e-01 -9.99201e-16 
7.75000e-01 8.50000e-01 4.37150e-15 
7.75000e-01 8.75000e-01 -2.08167e-16 
7.75000e-01 9.00000e-01 -9.32587e-15 
7.75000e-01 9.25000e-01 -2.77556e-16 
7.75000e-01 9.50000e-01 4.08007e-15 
7.75000e-01 9.75000e-01 -1.21292e-14 
7.75000e-01 1.00000e+00 0.00000e+00 

8.00000e-01 0.00000e+00 0.00000e+00 
8.00000e-01 2.50000e-02 2.88658e-14 
8.00000e-01 5.00000e-02 -1.17684e-14 
8.00000e-01 7.50000e-02 -4.66294e-15 
8.00000e-01 1.00000e-01 1.80689e-14 
8.00000e-01 1.25000e-01 2.27596e-15 
8.00000e-01 1.50000e-01 -1.02141e-14 
8.00000e-01 1.75000e-01 3.24740e-15 
8.00000e-01 2.00000e-01 3.23352e-15 
8.00000e-01 2.25000e-01 -2.23432e-15 
8.00000e-01 2.50000e-01 -2.83253e-15 
8.00000e-01 2.75000e-01 -2.65066e-15 
8.00000e-01 3.00000e-01 -5.17641e-15 
8.00000e-01 3.25000e-01 -7.04992e-15 
8.00000e-01 3.50000e-01 -6.43929e-15 
8.00000e-01 3.75000e-01 -2.94209e-15 
8.00000e-01 4.00000e-01 2.80331e-15 
8.00000e-01 4.25000e-01 1.16573e-15 
8.00000e-01 4.50000e-01 -5.55112e-17 
8.00000e-01 4.75000e-01 -1.77636e-15 
8.00000e-01 5.00000e-01 -3.66374e-15 
8.00000e-01 5.25000e-01 2.72005e-15 
8.00000e-01 5.50000e-01 1.33227e-15 
8.00000e-01 5.75000e-01 -1.11022e-16 
8.00000e-01 6.00000e-01 5.55112e-17 
8.00000e-01 6.25000e-01 -4.02456e-15 
8.00000e-01 6.50000e-01 -7.88258e-15 
8.00000e-01 6.75000e-01 -5.71765e-15 
8.00000e-01 7.00000e-01 -5.35683e-15 
8.00000e-01 7.25000e-01 -3.03924e-15 
8.00000e-01 7.50000e-01 -3.06001e-15 
8.00000e-01 7.75000e-01 -2.31759e-15 
8.00000e-01 8.00000e-01 5.93969e-15 
8.00000e-01 8.25000e-01 1.30451e-15 
8.00000e-01 8.50000e-01 -1.24623e-14 
8.00000e-01 8.75000e-01 1.52656e-15 
8.00000e-01 9.00000e-01 1.87350e-14 
8.00000e-01 9.25000e-01 -7.10543e-15 
8.00000e-01 9.50000e-01 -7.21645e-15 
8.00000e-01 9.75000e-01 2.47025e-14 
8.00000e-01 1.00000e+00 0.00000e+00 

8.25000e-01 0.00000e+00 0.00000e+00 
8.25000e-01 2.50000e-02 2.14828e-14 
8.25000e-01 5.00000e-02 -3.71925e-15 
8.25000e-01 7.50000e-02 -2.22045e-15 
8.25000e-01 1.00000e-01 1.54876e-14 
8.25000e-01 1.25000e-01 -3.88578e-16 
8.25000e-01 1.50000e-01 -4.60743e-15 
8.25000e-01 1.75000e-01 2.44249e-15 
8.25000e-01 2.00000e-01 4.35763e-15 
8.25000e-01 2.25000e-01 -5.41234e-16 
8.25000e-01 2.50000e-01 -2.44418e-15 
8.25000e-01 2.75000e-01 -2.01228e-15 
8.25000e-01 3.00000e-01 -5.96745e-15 
8.25000e-01 3.25000e-01 -4.10783e-15 
8.25000e-01 3.50000e-01 -5.05151e-15 
8.25000e-01 3.75000e-01 -9.27036e-15 
8.25000e-01 4.00000e-01 -4.32987e-15 
8.25000e-01 4.25000e-01 -1.27676e-15 
8.25000e-01 4.50000e-01 5.16254e-15 
8.25000e-01 4.75000e-01 -1.99840e-15 
8.25000e-01 5.00000e-01 1.55431e-15 
8.25000e-01 5.25000e-01 -4.16334e-15 
8.25000e-01 5.50000e-01 -1.11022e-15 
8.25000e-01 5.75000e-01 -1.16573e-15 
8.25000e-01 6.00000e-01 -2.94209e-15 
8.25000e-01 6.25000e-01 -2.44249e-15 
8.25000e-01 6.50000e-01 -2.38698e-15 
8.25000e-01 6.75000e-01 -7.35523e-15 
8.25000e-01 7.00000e-01 -3.88578e-15 
8.25000e-01 7.25000e-01 -3.09475e-15 
8.25000e-01 7.50000e-01 -2.90232e-15 
8.25000e-01 7.75000e-01 -2.13718e-15 
8.25000e-01 8.00000e-01 1.63758e-15 
8.25000e-01 8.25000e-01 6.52256e-15 
8.25000e-01 8.50000e-01 -3.66374e-15 
8.25000e-01 8.75000e-01 -4.99600e-16 
8.25000e-01 9.00000e-01 2.09832e-14 
8.25000e-01 9.25000e-01 -4.32987e-15 
8.25000e-01 9.50000e-01 -4.44089e-15 
8.25000e-01 9.75000e-01 2.22045e-14 
8.25000e-01 1.00000e+00 0.00000e+00 

8.50000e-01 0.00000e+00 0.00000e+00 
8.50000e-01 2.50000e-02 -6.26166e-14 
8.50000e-01 5.00000e-02 8.99281e-15 
8.50000e-01 7.50000e-02 7.77156e-16 
8.50000e-01 1.00000e-01 -4.40203e-14 
8.50000e-01 1.25000e-01 -6.82787e-15 
8.50000e-01 1.50000e-01 1.84852e-14 
8.50000e-01 1.75000e-01 -9.10383e-15 
8.50000e-01 2.00000e-01 -8.49321e-15 
8.50000e-01 2.25000e-01 3.81639e-15 
8.50000e-01 2.50000e-01 6.67131e-15 
8.50000e-01 2.75000e-01 7.43849e-15 
8.50000e-01 3.00000e-01 1.53766e-14 
8.50000e-01 3.25000e-01 1.33227e-14 
8.50000e-01 3.50000e-01 1.41553e-14 
8.50000e-01 3.75000e-01 1.52101e-14 
8.50000e-01 4.00000e-01 9.38138e-15 
8.50000e-01 4.25000e-01 6.21725e-15 
8.50000e-01 4.50000e-01 6.66134e-16 
8.50000e-01 4.75000e-01 5.88418e-15 
8.50000e-01 5.00000e-01 9.99201e-16 
8.50000e-01 5.25000e-01 2.22045e-16 
8.50000e-01 5.50000e-01 6.66134e-16 
8.50000e-01 5.75000e-01 3.55271e-15 
8.50000e-01 6.00000e-01 1.22125e-14 
8.50000e-01 6.25000e-01 9.54792e-15 
8.50000e-01 6.50000e-01 1.68199e-14 
8.50000e-01 6.75000e-01 1.73750e-14 
8.50000e-01 7.00000e-01 1.15741e-14 
8.50000e-01 7.25000e-01 6.30052e-15 
8.50000e-01 7.50000e-01 6.18040e-15 
8.50000e-01 7.75000e-01 3.80251e-15 
8.50000e-01 8.00000e-01 -6.57807e-15 
8.50000e-01 8.25000e-01 -1.13243e-14 
8.50000e-01 8.50000e-01 8.43769e-15 
8.50000e-01 8.75000e-01 -2.77556e-15 
8.50000e-01 9.00000e-01 -4.26881e-14 
8.50000e-01 9.25000e-01 8.99281e-15 
8.50000e-01 9.50000e-01 1.04361e-14 
8.50000e-01 9.75000e-01 -5.98410e-14 
8.50000e-01 1.00000e+00 0.00000e+00 

8.75000e-01 0.00000e+00 0.00000e+00 
8.75000e-01 2.50000e-02 1.02141e-14 
8.75000e-01 5.00000e-02 -5.55112e-16 
8.75000e-01 7.50000e-02 -1.55431e-15 
8.75000e-01 1.00000e-01 9.10383e-15 
8.75000e-01 1.25000e-01 2.33147e-15 
8.75000e-01 1.50000e-01 -4.66294e-15 
8.75000e-01 1.75000e-01 2.38698e-15 
8.75000e-01 2.00000e-01 9.71445e-16 
8.75000e-01 2.25000e-01 4.99600e-16 
8.75000e-01 2.50000e-01 1.73465e-15 
8.75000e-01 2.75000e-01 2.92821e-15 
8.75000e-01 3.00000e-01 3.10862e-15 
8.75000e-01 3.25000e-01 4.60743e-15 
8.75000e-01 3.50000e-01 1.02141e-14 
8.75000e-01 3.75000e-01 -2.27596e-15 
8.75000e-01 4.00000e-01 5.55112e-16 
8.75000e-01 4.25000e-01 -1.44329e-15 
8.75000e-01 4.50000e-01 5.55112e-16 
8.75000e-01 4.75000e-01 9.99201e-16 
8.75000e-01 5.00000e-01 3.10862e-15 
8.75000e-01 5.25000e-01 1.33227e-14 
8.75000e-01 5.50000e-01 -7.77156e-16 
8.75000e-01 5.75000e-01 2.22045e-16 
8.75000e-01 6.00000e-01 3.55271e-15 
8.75000e-01 6.25000e-01 -3.83027e-15 
8.75000e-01 6.50000e-01 3.33067e-16 
8.75000e-01 6.75000e-01 3.05311e-15 
8.75000e-01 7.00000e-01 7.27196e-15 
8.75000e-01 7.25000e-01 4.71845e-15 
8.75000e-01 7.50000e-01 1.73493e-15 
8.75000e-01 7.75000e-01 -1.11022e-15 
8.75000e-01 8.00000e-01 1.38778e-16 
8.75000e-01 8.25000e-01 3.66374e-15 
8.75000e-01 8.50000e-01 6.93889e-15 
8.75000e-01 8.75000e-01 -1.99840e-15 
8.75000e-01 9.00000e-01 7.77156e-16 
8.75000e-01 9.25000e-01 -4.21885e-15 
8.75000e-01 9.50000e-01 -6.10623e-15 
8.75000e-01 9.75000e-01 -8.88178e-16 
8.75000e-01 1.00000e+00 0.00000e+00 

9.00000e-01 0.00000e+00 0.00000e+00 
9.00000e-01 2.50000e-02 1.16684e-13 
9.00000e-01 5.00000e-02 -4.54081e-14 
9.00000e-01 7.50000e-02 -9.43690e-15 
9.00000e-01 1.00000e-01 9.13714e-14 
9.00000e-01 1.25000e-01 -3.33067e-15 
9.00000e-01 1.50000e-01 -3.76921e-14 
9.00000e-01 1.75000e-01 1.83742e-14 
9.00000e-01 2.00000e-01 1.99563e-14 
9.00000e-01 2.25000e-01 -1.04083e-14 
9.00000e-01 2.50000e-01 -1.32645e-14 
9.00000e-01 2.75000e-01 -1.29063e-14 
9.00000e-01 3.00000e-01 -2.90878e-14 
9.00000e-01 3.25000e-01 -3.35287e-14 
9.00000e-01 3.50000e-01 -2.61458e-14 
9.00000e-01 3.75000e-01 -1.32117e-14 
9.00000e-01 4.00000e-01 -6.66134e-15 
9.00000e-01 4.25000e-01 -4.44089e-15 
9.00000e-01 4.50000e-01 9.99201e-16 
9.00000e-01 4.75000e-01 0.00000e+00 
9.00000e-01 5.00000e-01 -8.21565e-15 
9.00000e-01 5.25000e-01 -5.66214e-15 
9.00000e-01 5.50000e-01 9.99201e-16 
9.00000e-01 5.75000e-01 -4.21885e-15 
9.00000e-01 6.00000e-01 -6.55032e-15 
9.00000e-01 6.25000e-01 -1.48770e-14 
9.00000e-01 6.50000e-01 -2.63123e-14 
9.00000e-01 6.75000e-01 -3.09752e-14 
9.00000e-01 7.00000e-01 -2.56184e-14 
9.00000e-01 7.25000e-01 -1.43496e-14 
9.00000e-01 7.50000e-01 -1.32024e-14 
9.00000e-01 7.75000e-01 -1.02696e-14 
9.00000e-01 8.00000e-01 1.97620e-14 
9.00000e-01 8.25000e-01 1.82077e-14 
9.00000e-01 8.50000e-01 -4.68514e-14 
9.00000e-01 8.75000e-01 7.66054e-15 
9.00000e-01 9.00000e-01 8.16014e-14 
9.00000e-01 9.25000e-01 -2.06501e-14 
9.00000e-01 9.50000e-01 -3.98570e-14 
9.00000e-01 9.75000e-01 1.27898e-13 
9.00000e-01 1.00000e+00 0.00000e+00 

9.25000e-01 0.00000e+00 0.00000e+00 
9.25000e-01 2.50000e-02 -3.61933e-14 
9.25000e-01 5.00000e-02 9.10383e-15 
9.25000e-01 7.50000e-02 -1.64313e-14 
9.25000e-01 1.00000e-01 -2.05391e-14 
9.25000e-01 1.25000e-01 -8.32667e-15 
9.25000e-01 1.50000e-01 7.10543e-15 
9.25000e-01 1.75000e-01 -9.04832e-15 
9.25000e-01 2.00000e-01 -3.88578e-16 
9.25000e-01 2.25000e-01 2.72005e-15 
9.25000e-01 2.50000e-01 5.86588e-15 
9.25000e-01 2.75000e-01 5.68989e-15 
9.25000e-01 3.00000e-01 1.44884e-14 
9.25000e-01 3.25000e-01 1.26010e-14 
9.25000e-01 3.50000e-01 1.93179e-14 
9.25000e-01 3.75000e-01 -5.55112e-15 
9.25000e-01 4.00000e-01 6.77236e-15 
9.25000e-01 4.25000e-01 2.44249e-15 
9.25000e-01 4.50000e-01 -7.77156e-16 
9.25000e-01 4.75000e-01 2.22045e-16 
9.25000e-01 5.00000e-01 2.22045e-15 
9.25000e-01 5.25000e-01 1.12133e-14 
9.25000e-01 5.50000e-01 -3.55271e-15 
9.25000e-01 5.75000e-01 2.77556e-15 
9.25000e-01 6.00000e-01 -1.44329e-15 
9.25000e-01 6.25000e-01 1.33227e-15 
9.25000e-01 6.50000e-01 1.77636e-14 
9.25000e-01 6.75000e-01 1.17129e-14 
9.25000e-01 7.00000e-01 9.93650e-15 
9.25000e-01 7.25000e-01 8.77076e-15 
9.25000e-01 7.50000e-01 4.65018e-15 
9.25000e-01 7.75000e-01 -4.44089e-16 
9.25000e-01 8.00000e-01 -3.66374e-15 
9.25000e-01 8.25000e-01 2.60902e-15 
9.25000e-01 8.50000e-01 1.17684e-14 
9.25000e-01 8.75000e-01 -1.53211e-14 
9.25000e-01 9.00000e-01 -1.78746e-14 
9.25000e-01 9.25000e-01 5.66214e-15 
9.25000e-01 9.50000e-01 -1.03251e-14 
9.25000e-01 9.75000e-01 -2.22045e-14 
9.25000e-01 1.00000e+00 0.00000e+00 

9.50000e-01 0.00000e+00 0.00000e+00 
9.50000e-01 2.50000e-02 -4.86278e-14 
9.50000e-01 5.00000e-02 -1.77636e-15 
9.50000e-01 7.50000e-02 -4.66294e-15 
9.50000e-01 1.00000e-01 -5.08482e-14 
9.50000e-01 1.25000e-01 -4.55191e-15 
9.50000e-01 1.50000e-01 6.99441e-15 
9.50000e-01 1.75000e-01 -7.04992e-15 
9.50000e-01 2.00000e-01 -6.99441e-15 
9.50000e-01 2.25000e-01 4.19109e-15 
9.50000e-01 2.50000e-01 9.16553e-15 
9.50000e-01 2.75000e-01 1.22680e-14 
9.50000e-01 3.00000e-01 2.00950e-14 
9.50000e-01 3.25000e-01 2.93654e-14 
9.50000e-01 3.50000e-01 1.52101e-14 
9.50000e-01 3.75000e-01 2.13163e-14 
9.50000e-01 4.00000e-01 6.55032e-15 
9.50000e-01 4.25000e-01 1.77636e-15 
9.50000e-01 4.50000e-01 -3.77476e-15 
9.50000e-01 4.75000e-01 7.10543e-15 
9.50000e-01 5.00000e-01 -2.55351e-15 
9.50000e-01 5.25000e-01 4.21885e-15 
9.50000e-01 5.50000e-01 -3.77476e-15 
9.50000e-01 5.75000e-01 -6.66134e-16 
9.50000e-01 6.00000e-01 2.33147e-14 
9.50000e-01 6.25000e-01 2.10942e-14 
9.50000e-01 6.50000e-01 1.63203e-14 
9.50000e-01 6.75000e-01 3.33067e-14 
9.50000e-01 7.00000e-01 2.18159e-14 
9.50000e-01 7.25000e-01 1.53488e-14 
9.50000e-01 7.50000e-01 1.03204e-14 
9.50000e-01 7.75000e-01 6.80012e-15 
9.50000e-01 8.00000e-01 -1.14353e-14 
9.50000e-01 8.25000e-01 -1.27676e-14 
9.50000e-01 8.50000e-01 7.54952e-15 
9.50000e-01 8.75000e-01 7.77156e-16 
9.50000e-01 9.00000e-01 -3.70814e-14 
9.50000e-01 9.25000e-01 -4.77396e-15 
9.50000e-01 9.50000e-01 3.77476e-15 
9.50000e-01 9.75000e-01 -6.23945e-14 
9.50000e-01 1.00000e+00 0.00000e+00 

9.75000e-01 0.00000e+00 0.00000e+00 
9.75000e-01 2.50000e-02 1.75970e-13 
9.75000e-01 5.00000e-02 -5.68434e-14 
9.75000e-01 7.50000e-02 -3.59712e-14 
9.75000e-01 1.00000e-01 1.33560e-13 
9.75000e-01 1.25000e-01 -6.21725e-15 
9.75000e-01 1.50000e-01 -5.90639e-14 
9.75000e-01 1.75000e-01 2.58682e-14 
9.75000e-01 2.00000e-01 2.84217e-14 
9.75000e-01 2.25000e-01 -1.45994e-14 
9.75000e-01 2.50000e-01 -1.87347e-14 
9.75000e-01 2.75000e-01 -1.90958e-14 
9.75000e-01 3.00000e-01 -3.48055e-14 
9.75000e-01 3.25000e-01 -5.07372e-14 
9.75000e-01 3.50000e-01 -3.53051e-14 
9.75000e-01 3.75000e-01 -1.58762e-14 
9.75000e-01 4.00000e-01 -1.96509e-14 
9.75000e-01 4.25000e-01 1.92069e-14 
9.75000e-01 4.50000e-01 1.79856e-14 
9.75000e-01 4.75000e-01 1.01030e-14 
9.75000e-01 5.00000e-01 1.44329e-14 
9.75000e-01 5.25000e-01 7.21645e-15 
9.75000e-01 5.50000e-01 2.07612e-14 
9.75000e-01 5.75000e-01 1.39888e-14 
9.75000e-01 6.00000e-01 -8.43769e-15 
9.75000e-01 6.25000e-01 -2.58682e-14 
9.75000e-01 6.50000e-01 -3.68594e-14 
9.75000e-01 6.75000e-01 -4.95715e-14 
9.75000e-01 7.00000e-01 -3.61378e-14 
9.75000e-01 7.25000e-01 -2.01783e-14 
9.75000e-01 7.50000e-01 -1.89961e-14 
9.75000e-01 7.75000e-01 -1.38778e-14 
9.75000e-01 8.00000e-01 2.81997e-14 
9.75000e-01 8.25000e-01 2.01505e-14 
9.75000e-01 8.50000e-01 -5.57332e-14 
9.75000e-01 8.75000e-01 -9.21485e-15 
9.75000e-01 9.00000e-01 1.25122e-13 
9.75000e-01 9.25000e-01 -3.88578e-14 
9.75000e-01 9.50000e-01 -6.79456e-14 
9.75000e-01 9.75000e-01 1.84408e-13 
9.75000e-01 1.00000e+00 0.00000e+00 

1.00000e+00 0.00000e+00 0.00000e+00 
1.00000e+00 2.50000e-02 0.00000e+00 
1.00000e+00 5.00000e-02 0.00000e+00 
1.00000e+00 7.50000e-02 0.00000e+00 
1.00000e+00 1.00000e-01 0.00000e+00 
1.00000e+00 1.25000e-01 0.00000e+00 
1.00000e+00 1.50000e-01 0.00000e+00 
1.00000e+00 1.75000e-01 0.00000e+00 
1.00000e+00 2.00000e-01 0.00000e+00 
1.00000e+00 2.25000e-01 0.00000e+00 
1.00000e+00 2.50000e-01 0.00000e+00 
1.00000e+00 2.75000e-01 0.00000e+00 
1.00000e+00 3.00000e-01 0.00000e+00 
1.00000e+00 3.25000e-01 0.00000e+00 
1.00000e+00 3.50000e-01 0.00000e+00 
1.00000e+00 3.75000e-01 0.00000e+00 
1.00000e+00 4.00000e-01 0.00000e+00 
1.00000e+00 4.25000e-01 0.00000e+00 
1.00000e+00 4.50000e-01 0.00000e+00 
1.00000e+00 4.75000e-01 0.00000e+00 
1.00000e+00 5.00000e-01 0.00000e+00 
1.00000e+00 5.25000e-01 0.00000e+00 
1.00000e+00 5.50000e-01 0.00000e+00 
1.00000e+00 5.75000e-01 0.00000e+00 
1.00000e+00 6.00000e-01 0.00000e+00 
1.00000e+00 6.25000e-01 0.00000e+00 
1.00000e+00 6.50000e-01 0.00000e+00 
1.00000e+00 6.75000e-01 0.00000e+00 
1.00000e+00 7.00000e-01 0.00000e+00 
1.00000e+00 7.25000e-01 0.00000e+00 
1.00000e+00 7.50000e-01 0.00000e+00 
1.00000e+00 7.75000e-01 0.00000e+00 
1.00000e+00 8.00000e-01 0.00000e+00 
1.00000e+00 8.25000e-01 0.00000e+00 
1.00000e+00 8.50000e-01 0.00000e+00 
1.00000e+00 8.75000e-01 0.00000e+00 
1.00000e+00 9.00000e-01 0.00000e+00 
1.00000e+00 9.25000e-01 0.00000e+00 
1.00000e+00 9.50000e-01 0.00000e+00 
1.00000e+00 9.75000e-01 0.00000e+00 
1.00000e+00 1.00000e+00 0.00000e+00 

