0.00000e+00 0.00000e+00 0.00000e+00 
0.00000e+00 2.50000e-02 0.00000e+00 
0.00000e+00 5.00000e-02 0.00000e+00 
0.00000e+00 7.50000e-02 0.00000e+00 
0.00000e+00 1.00000e-01 0.00000e+00 
0.00000e+00 1.25000e-01 0.00000e+00 
0.00000e+00 1.50000e-01 0.00000e+00 
0.00000e+00 1.75000e-01 0.00000e+00 
0.00000e+00 2.00000e-01 0.00000e+00 
0.00000e+00 2.25000e-01 0.00000e+00 
0.00000e+00 2.50000e-01 0.00000e+00 
0.00000e+00 2.75000e-01 0.00000e+00 
0.00000e+00 3.00000e-01 0.00000e+00 
0.00000e+00 3.25000e-01 0.00000e+00 
0.00000e+00 3.50000e-01 0.00000e+00 
0.00000e+00 3.75000e-01 0.00000e+00 
0.00000e+00 4.00000e-01 0.00000e+00 
0.00000e+00 4.25000e-01 0.00000e+00 
0.00000e+00 4.50000e-01 0.00000e+00 
0.00000e+00 4.75000e-01 0.00000e+00 
0.00000e+00 5.00000e-01 0.00000e+00 
0.00000e+00 5.25000e-01 0.00000e+00 
0.00000e+00 5.50000e-01 0.00000e+00 
0.00000e+00 5.75000e-01 0.00000e+00 
0.00000e+00 6.00000e-01 0.00000e+00 
0.00000e+00 6.25000e-01 0.00000e+00 
0.00000e+00 6.50000e-01 0.00000e+00 
0.00000e+00 6.75000e-01 0.00000e+00 
0.00000e+00 7.00000e-01 0.00000e+00 
0.00000e+00 7.25000e-01 0.00000e+00 
0.00000e+00 7.50000e-01 0.00000e+00 
0.00000e+00 7.75000e-01 0.00000e+00 
0.00000e+00 8.00000e-01 0.00000e+00 
0.00000e+00 8.25000e-01 0.00000e+00 
0.00000e+00 8.50000e-01 0.00000e+00 
0.00000e+00 8.75000e-01 0.00000e+00 
0.00000e+00 9.00000e-01 0.00000e+00 
0.00000e+00 9.25000e-01 0.00000e+00 
0.00000e+00 9.50000e-01 0.00000e+00 
0.00000e+00 9.75000e-01 0.00000e+00 
0.00000e+00 1.00000e+00 0.00000e+00 

2.50000e-02 0.00000e+00 0.00000e+00 
2.50000e-02 2.50000e-02 1.42553e-13 
2.50000e-02 5.00000e-02 -1.67977e-13 
2.50000e-02 7.50000e-02 7.21645e-14 
2.50000e-02 1.00000e-01 -1.74638e-13 
2.50000e-02 1.25000e-01 2.10942e-15 
2.50000e-02 1.50000e-01 3.79696e-14 
2.50000e-02 1.75000e-01 4.80171e-14 
2.50000e-02 2.00000e-01 -2.29816e-14 
2.50000e-02 2.25000e-01 -2.92544e-14 
2.50000e-02 2.50000e-01 -8.64750e-17 
2.50000e-02 2.75000e-01 1.35170e-14 
2.50000e-02 3.00000e-01 -7.21645e-16 
2.50000e-02 3.25000e-01 9.64229e-14 
2.50000e-02 3.50000e-01 1.47882e-13 
2.50000e-02 3.75000e-01 6.73905e-14 
2.50000e-02 4.00000e-01 6.09512e-14 
2.50000e-02 4.25000e-01 -1.19460e-13 
2.50000e-02 4.50000e-01 -5.12923e-14 
2.50000e-02 4.75000e-01 6.85008e-14 
2.50000e-02 5.00000e-01 -4.92939e-14 
2.50000e-02 5.25000e-01 1.77636e-15 
2.50000e-02 5.50000e-01 9.30367e-14 
2.50000e-02 5.75000e-01 4.74065e-14 
2.50000e-02 6.00000e-01 -2.77556e-14 
2.50000e-02 6.25000e-01 5.18474e-14 
2.50000e-02 6.50000e-01 9.21485e-14 
2.50000e-02 6.75000e-01 4.90163e-14 
2.50000e-02 7.00000e-01 4.09117e-14 
2.50000e-02 7.25000e-01 3.48332e-14 
2.50000e-02 7.50000e-01 -2.29859e-14 
2.50000e-02 7.75000e-01 -2.01228e-14 
2.50000e-02 8.00000e-01 -5.92859e-14 
2.50000e-02 8.25000e-01 -1.45994e-14 
2.50000e-02 8.50000e-01 -1.82077e-14 
2.50000e-02 8.75000e-01 -1.17462e-13 
2.50000e-02 9.00000e-01 6.95000e-14 
2.50000e-02 9.25000e-01 1.94178e-13 
2.50000e-02 9.50000e-01 -5.39901e-13 
2.50000e-02 9.75000e-01 7.32747e-14 
2.50000e-02 1.00000e+00 0.00000e+00 

5.00000e-02 0.00000e+00 0.00000e+00 
5.00000e-02 2.50000e-02 -5.97300e-14 
5.00000e-02 5.00000e-02 -3.78586e-14 
5.00000e-02 7.50000e-02 3.66374e-15 
5.00000e-02 1.00000e-01 -7.30527e-14 
5.00000e-02 1.25000e-01 1.48770e-14 
5.00000e-02 1.50000e-01 -5.26246e-14 
5.00000e-02 1.75000e-01 -1.26010e-14 
5.00000e-02 2.00000e-01 -1.01030e-14 
5.00000e-02 2.25000e-01 -8.90954e-15 
5.00000e-02 2.50000e-01 -1.97176e-14 
5.00000e-02 2.75000e-01 -3.69149e-15 
5.00000e-02 3.00000e-01 -1.11022e-14 
5.00000e-02 3.25000e-01 -5.32907e-15 
5.00000e-02 3.50000e-01 -1.80966e-14 
5.00000e-02 3.75000e-01 -8.88178e-16 
5.00000e-02 4.00000e-01 -2.12053e-14 
5.00000e-02 4.25000e-01 4.55191e-15 
5.00000e-02 4.50000e-01 2.12053e-14 
5.00000e-02 4.75000e-01 -2.62013e-14 
5.00000e-02 5.00000e-01 -2.55351e-15 
5.00000e-02 5.25000e-01 9.76996e-15 
5.00000e-02 5.50000e-01 -7.03881e-14 
5.00000e-02 5.75000e-01 3.54161e-14 
5.00000e-02 6.00000e-01 3.88578e-15 
5.00000e-02 6.25000e-01 -4.27436e-14 
5.00000e-02 6.50000e-01 -5.58442e-14 
5.00000e-02 6.75000e-01 -9.71445e-15 
5.00000e-02 7.00000e-01 -2.70894e-14 
5.00000e-02 7.25000e-01 -3.30291e-14 
5.00000e-02 7.50000e-01 -3.29721e-15 
5.00000e-02 7.75000e-01 6.10623e-15 
5.00000e-02 8.00000e-01 7.32747e-15 
5.00000e-02 8.25000e-01 -2.38698e-14 
5.00000e-02 8.50000e-01 -1.17684e-14 
5.00000e-02 8.75000e-01 2.29816e-14 
5.00000e-02 9.00000e-01 4.06342e-14 
5.00000e-02 9.25000e-01 -1.32450e-13 
5.00000e-02 9.50000e-01 2.73004e-13 
5.00000e-02 9.75000e-01 -3.14970e-13 
5.00000e-02 1.00000e+00 0.00000e+00 

7.50000e-02 0.00000e+00 0.00000e+00 
7.50000e-02 2.50000e-02 3.33067e-14 
7.50000e-02 5.00000e-02 2.30926e-14 
7.50000e-02 7.50000e-02 2.53131e-14 
7.50000e-02 1.00000e-01 -6.66134e-15 
7.50000e-02 1.25000e-01 1.26565e-14 
7.50000e-02 1.50000e-01 4.59632e-14 
7.50000e-02 1.75000e-01 5.55112e-15 
7.50000e-02 2.00000e-01 1.39333e-14 
7.50000e-02 2.25000e-01 1.22680e-14 
7.50000e-02 2.50000e-01 3.61368e-14 
7.50000e-02 2.75000e-01 1.98730e-14 
7.50000e-02 3.00000e-01 1.37113e-14 
7.50000e-02 3.25000e-01 -1.23790e-14 
7.50000e-02 3.50000e-01 -2.37588e-14 
7.50000e-02 3.75000e-01 6.38378e-14 
7.50000e-02 4.00000e-01 4.27436e-14 
7.50000e-02 4.25000e-01 1.63203e-14 
7.50000e-02 4.50000e-01 -1.75415e-14 
7.50000e-02 4.75000e-01 6.39488e-14 
7.50000e-02 5.00000e-01 -8.99281e-15 
7.50000e-02 5.25000e-01 -1.11022e-14 
7.50000e-02 5.50000e-01 6.01741e-14 
7.50000e-02 5.75000e-01 -2.78666e-14 
7.50000e-02 6.00000e-01 -1.26565e-14 
7.50000e-02 6.25000e-01 -1.66533e-15 
7.50000e-02 6.50000e-01 4.96270e-14 
7.50000e-02 6.75000e-01 9.60343e-15 
7.50000e-02 7.00000e-01 1.68754e-14 
7.50000e-02 7.25000e-01 2.06501e-14 
7.50000e-02 7.50000e-01 1.61427e-14 
7.50000e-02 7.75000e-01 1.31006e-14 
7.50000e-02 8.00000e-01 -5.71765e-15 
7.50000e-02 8.25000e-01 3.45834e-14 
7.50000e-02 8.50000e-01 2.70894e-14 
7.50000e-02 8.75000e-01 -1.12133e-14 
7.50000e-02 9.00000e-01 -1.17684e-13 
7.50000e-02 9.25000e-01 1.55653e-13 
7.50000e-02 9.50000e-01 -2.18381e-13 
7.50000e-02 9.75000e-01 3.63709e-13 
7.50000e-02 1.00000e+00 0.00000e+00 

1.00000e-01 0.00000e+00 0.00000e+00 
1.00000e-01 2.50000e-02 1.36224e-13 
1.00000e-01 5.00000e-02 -9.21485e-15 
1.00000e-01 7.50000e-02 -5.10703e-14 
1.00000e-01 1.00000e-01 4.84057e-14 
1.00000e-01 1.25000e-01 3.77476e-15 
1.00000e-01 1.50000e-01 -1.68199e-14 
1.00000e-01 1.75000e-01 3.50830e-14 
1.00000e-01 2.00000e-01 2.99760e-15 
1.00000e-01 2.25000e-01 8.65974e-15 
1.00000e-01 2.50000e-01 -2.21549e-14 
1.00000e-01 2.75000e-01 -5.96745e-15 
1.00000e-01 3.00000e-01 3.55271e-15 
1.00000e-01 3.25000e-01 1.49880e-14 
1.00000e-01 3.50000e-01 2.09832e-14 
1.00000e-01 3.75000e-01 -4.25215e-14 
1.00000e-01 4.00000e-01 -3.71925e-14 
1.00000e-01 4.25000e-01 -2.67564e-14 
1.00000e-01 4.50000e-01 4.25215e-14 
1.00000e-01 4.75000e-01 -6.95000e-14 
1.00000e-01 5.00000e-01 -1.94289e-14 
1.00000e-01 5.25000e-01 4.14113e-14 
1.00000e-01 5.50000e-01 -4.66294e-15 
1.00000e-01 5.75000e-01 -1.82077e-14 
1.00000e-01 6.00000e-01 1.66533e-15 
1.00000e-01 6.25000e-01 7.21645e-15 
1.00000e-01 6.50000e-01 -1.38778e-14 
1.00000e-01 6.75000e-01 -1.29341e-14 
1.00000e-01 7.00000e-01 -3.77476e-15 
1.00000e-01 7.25000e-01 -1.08247e-14 
1.00000e-01 7.50000e-01 -1.33325e-14 
1.00000e-01 7.75000e-01 -1.24900e-15 
1.00000e-01 8.00000e-01 3.85803e-15 
1.00000e-01 8.25000e-01 -2.47580e-14 
1.00000e-01 8.50000e-01 3.88578e-16 
1.00000e-01 8.75000e-01 7.77156e-16 
1.00000e-01 9.00000e-01 1.48215e-13 
1.00000e-01 9.25000e-01 -1.34337e-13 
1.00000e-01 9.50000e-01 2.29483e-13 
1.00000e-01 9.75000e-01 -2.85549e-13 
1.00000e-01 1.00000e+00 0.00000e+00 

1.25000e-01 0.00000e+00 0.00000e+00 
1.25000e-01 2.50000e-02 -2.61569e-13 
1.25000e-01 5.00000e-02 8.98170e-14 
1.25000e-01 7.50000e-02 -1.09912e-14 
1.25000e-01 1.00000e-01 -2.95319e-14 
1.25000e-01 1.25000e-01 -4.46310e-14 
1.25000e-01 1.50000e-01 -1.00475e-14 
1.25000e-01 1.75000e-01 -3.77476e-14 
1.25000e-01 2.00000e-01 -1.03806e-14 
1.25000e-01 2.25000e-01 -1.75415e-14 
1.25000e-01 2.50000e-01 -6.54865e-15 
1.25000e-01 2.75000e-01 -1.34059e-14 
1.25000e-01 3.00000e-01 -1.64035e-14 
1.25000e-01 3.25000e-01 -1.49325e-14 
1.25000e-01 3.50000e-01 -2.32592e-14 
1.25000e-01 3.75000e-01 -1.05471e-15 
1.25000e-01 4.00000e-01 2.68674e-14 
1.25000e-01 4.25000e-01 -2.22045e-16 
1.25000e-01 4.50000e-01 -3.98570e-14 
1.25000e-01 4.75000e-01 3.96350e-14 
1.25000e-01 5.00000e-01 1.12133e-14 
1.25000e-01 5.25000e-01 -4.92939e-14 
1.25000e-01 5.50000e-01 1.84297e-14 
1.25000e-01 5.75000e-01 0.00000e+00 
1.25000e-01 6.00000e-01 -1.75415e-14 
1.25000e-01 6.25000e-01 -5.32907e-15 
1.25000e-01 6.50000e-01 -1.36557e-14 
1.25000e-01 6.75000e-01 1.55431e-15 
1.25000e-01 7.00000e-01 -9.79772e-15 
1.25000e-01 7.25000e-01 -6.20337e-15 
1.25000e-01 7.50000e-01 -2.21156e-15 
1.25000e-01 7.75000e-01 -5.92582e-15 
1.25000e-01 8.00000e-01 -1.43774e-14 
1.25000e-01 8.25000e-01 1.34892e-14 
1.25000e-01 8.50000e-01 -1.51545e-14 
1.25000e-01 8.75000e-01 -1.88738e-15 
1.25000e-01 9.00000e-01 -7.12763e-14 
1.25000e-01 9.25000e-01 2.22045e-14 
1.25000e-01 9.50000e-01 -2.23821e-13 
1.25000e-01 9.75000e-01 1.46438e-13 
1.25000e-01 1.00000e+00 0.00000e+00 

1.50000e-01 0.00000e+00 0.00000e+00 
1.50000e-01 2.50000e-02 -9.10383e-15 
1.50000e-01 5.00000e-02 -9.14824e-14 
1.50000e-01 7.50000e-02 9.76996e-15 
1.50000e-01 1.00000e-01 1.37113e-14 
1.50000e-01 1.25000e-01 3.01981e-14 
1.50000e-01 1.50000e-01 1.53211e-14 
1.50000e-01 1.75000e-01 1.42109e-14 
1.50000e-01 2.00000e-01 1.76525e-14 
1.50000e-01 2.25000e-01 4.88498e-15 
1.50000e-01 2.50000e-01 1.33934e-14 
1.50000e-01 2.75000e-01 1.17129e-14 
1.50000e-01 3.00000e-01 1.03806e-14 
1.50000e-01 3.25000e-01 6.71685e-15 
1.50000e-01 3.50000e-01 1.45439e-14 
1.50000e-01 3.75000e-01 5.99520e-15 
1.50000e-01 4.00000e-01 -1.36557e-14 
1.50000e-01 4.25000e-01 -5.77316e-15 
1.50000e-01 4.50000e-01 1.09912e-14 
1.50000e-01 4.75000e-01 -1.29896e-14 
1.50000e-01 5.00000e-01 8.54872e-15 
1.50000e-01 5.25000e-01 9.10383e-15 
1.50000e-01 5.50000e-01 -1.54321e-14 
1.50000e-01 5.75000e-01 2.91989e-14 
1.50000e-01 6.00000e-01 3.91354e-14 
1.50000e-01 6.25000e-01 4.44089e-15 
1.50000e-01 6.50000e-01 1.23235e-14 
1.50000e-01 6.75000e-01 1.48770e-14 
1.50000e-01 7.00000e-01 1.52378e-14 
1.50000e-01 7.25000e-01 1.25594e-14 
1.50000e-01 7.50000e-01 1.13412e-14 
1.50000e-01 7.75000e-01 -4.71845e-16 
1.50000e-01 8.00000e-01 3.30291e-15 
1.50000e-01 8.25000e-01 1.27121e-14 
1.50000e-01 8.50000e-01 1.49880e-14 
1.50000e-01 8.75000e-01 -4.99600e-16 
1.50000e-01 9.00000e-01 1.64313e-14 
1.50000e-01 9.25000e-01 -4.70735e-14 
1.50000e-01 9.50000e-01 1.93068e-13 
1.50000e-01 9.75000e-01 -2.30926e-14 
1.50000e-01 1.00000e+00 0.00000e+00 

1.75000e-01 0.00000e+00 0.00000e+00 
1.75000e-01 2.50000e-02 2.20102e-13 
1.75000e-01 5.00000e-02 -3.89688e-14 
1.75000e-01 7.50000e-02 2.63678e-14 
1.75000e-01 1.00000e-01 -2.73670e-14 
1.75000e-01 1.25000e-01 -4.44089e-15 
1.75000e-01 1.50000e-01 -3.83027e-15 
1.75000e-01 1.75000e-01 3.21965e-15 
1.75000e-01 2.00000e-01 -6.85563e-15 
1.75000e-01 2.25000e-01 4.16334e-16 
1.75000e-01 2.50000e-01 -5.00290e-15 
1.75000e-01 2.75000e-01 2.12330e-15 
1.75000e-01 3.00000e-01 -1.22402e-14 
1.75000e-01 3.25000e-01 1.83464e-14 
1.75000e-01 3.50000e-01 -1.14353e-14 
1.75000e-01 3.75000e-01 2.25375e-14 
1.75000e-01 4.00000e-01 -4.49640e-15 
1.75000e-01 4.25000e-01 9.65894e-15 
1.75000e-01 4.50000e-01 -4.05231e-15 
1.75000e-01 4.75000e-01 8.93730e-15 
1.75000e-01 5.00000e-01 -3.05311e-14 
1.75000e-01 5.25000e-01 1.99840e-14 
1.75000e-01 5.50000e-01 -1.23790e-14 
1.75000e-01 5.75000e-01 -3.04201e-14 
1.75000e-01 6.00000e-01 -3.08087e-14 
1.75000e-01 6.25000e-01 -7.38298e-15 
1.75000e-01 6.50000e-01 2.18159e-14 
1.75000e-01 6.75000e-01 -1.85962e-15 
1.75000e-01 7.00000e-01 8.32667e-17 
1.75000e-01 7.25000e-01 -1.30451e-15 
1.75000e-01 7.50000e-01 -3.20590e-15 
1.75000e-01 7.75000e-01 9.50628e-15 
1.75000e-01 8.00000e-01 5.85643e-15 
1.75000e-01 8.25000e-01 -1.72085e-15 
1.75000e-01 8.50000e-01 -3.26961e-14 
1.75000e-01 8.75000e-01 2.04281e-14 
1.75000e-01 9.00000e-01 3.33067e-16 
1.75000e-01 9.25000e-01 6.65579e-14 
1.75000e-01 9.50000e-01 -1.37501e-13 
1.75000e-01 9.75000e-01 2.72560e-14 
1.75000e-01 1.00000e+00 0.00000e+00 

2.00000e-01 0.00000e+00 0.00000e+00 
2.00000e-01 2.50000e-02 -1.61759e-13 
2.00000e-01 5.00000e-02 6.16729e-14 
2.00000e-01 7.50000e-02 -2.07612e-14 
2.00000e-01 1.00000e-01 9.60343e-15 
2.00000e-01 1.25000e-01 3.60822e-16 
2.00000e-01 1.50000e-01 2.02616e-15 
2.00000e-01 1.75000e-01 -7.91034e-15 
2.00000e-01 2.00000e-01 -4.85723e-15 
2.00000e-01 2.25000e-01 -1.17961e-16 
2.00000e-01 2.50000e-01 1.14649e-15 
2.00000e-01 2.75000e-01 -8.06299e-15 
2.00000e-01 3.00000e-01 2.38698e-15 
2.00000e-01 3.25000e-01 -6.60583e-15 
2.00000e-01 3.50000e-01 -6.38378e-16 
2.00000e-01 3.75000e-01 -1.00475e-14 
2.00000e-01 4.00000e-01 -3.30291e-15 
2.00000e-01 4.25000e-01 -3.60822e-15 
2.00000e-01 4.50000e-01 6.99441e-15 
2.00000e-01 4.75000e-01 -6.10623e-16 
2.00000e-01 5.00000e-01 1.62648e-14 
2.00000e-01 5.25000e-01 -6.16174e-15 
2.00000e-01 5.50000e-01 6.99441e-15 
2.00000e-01 5.75000e-01 2.29261e-14 
2.00000e-01 6.00000e-01 6.46705e-15 
2.00000e-01 6.25000e-01 -3.88578e-16 
2.00000e-01 6.50000e-01 -2.25653e-14 
2.00000e-01 6.75000e-01 -6.32827e-15 
2.00000e-01 7.00000e-01 -1.14908e-14 
2.00000e-01 7.25000e-01 -9.01362e-15 
2.00000e-01 7.50000e-01 -6.56198e-15 
2.00000e-01 7.75000e-01 -1.26912e-14 
2.00000e-01 8.00000e-01 -8.04912e-15 
2.00000e-01 8.25000e-01 -1.21292e-14 
2.00000e-01 8.50000e-01 2.02893e-14 
2.00000e-01 8.75000e-01 -8.74301e-15 
2.00000e-01 9.00000e-01 -7.77156e-15 
2.00000e-01 9.25000e-01 -1.11022e-14 
2.00000e-01 9.50000e-01 3.11418e-14 
2.00000e-01 9.75000e-01 -2.29261e-14 
2.00000e-01 1.00000e+00 0.00000e+00 

2.25000e-01 0.00000e+00 0.00000e+00 
2.25000e-01 2.50000e-02 7.48290e-14 
2.25000e-01 5.00000e-02 -2.07057e-14 
2.25000e-01 7.50000e-02 1.67644e-14 
2.25000e-01 1.00000e-01 -3.10862e-15 
2.25000e-01 1.25000e-01 5.35683e-15 
2.25000e-01 1.50000e-01 1.94289e-15 
2.25000e-01 1.75000e-01 7.18869e-15 
2.25000e-01 2.00000e-01 8.98587e-15 
2.25000e-01 2.25000e-01 1.59942e-15 
2.25000e-01 2.50000e-01 2.28911e-15 
2.25000e-01 2.75000e-01 8.35790e-15 
2.25000e-01 3.00000e-01 7.04298e-15 
2.25000e-01 3.25000e-01 4.27436e-15 
2.25000e-01 3.50000e-01 5.87030e-15 
2.25000e-01 3.75000e-01 4.73233e-15 
2.25000e-01 4.00000e-01 1.14353e-14 
2.25000e-01 4.25000e-01 8.88178e-16 
2.25000e-01 4.50000e-01 6.49480e-15 
2.25000e-01 4.75000e-01 2.55351e-15 
2.25000e-01 5.00000e-01 -2.66454e-15 
2.25000e-01 5.25000e-01 3.55271e-15 
2.25000e-01 5.50000e-01 2.33147e-15 
2.25000e-01 5.75000e-01 -1.83187e-15 
2.25000e-01 6.00000e-01 5.24580e-15 
2.25000e-01 6.25000e-01 6.42542e-15 
2.25000e-01 6.50000e-01 1.36557e-14 
2.25000e-01 6.75000e-01 5.96745e-15 
2.25000e-01 7.00000e-01 5.13478e-15 
2.25000e-01 7.25000e-01 1.10086e-14 
2.25000e-01 7.50000e-01 6.37754e-15 
2.25000e-01 7.75000e-01 7.54605e-15 
2.25000e-01 8.00000e-01 7.48013e-15 
2.25000e-01 8.25000e-01 9.25648e-15 
2.25000e-01 8.50000e-01 -5.68989e-16 
2.25000e-01 8.75000e-01 2.53964e-15 
2.25000e-01 9.00000e-01 0.00000e+00 
2.25000e-01 9.25000e-01 -1.94289e-15 
2.25000e-01 9.50000e-01 9.13158e-15 
2.25000e-01 9.75000e-01 -7.38298e-15 
2.25000e-01 1.00000e+00 0.00000e+00 

2.50000e-01 0.00000e+00 0.00000e+00 
2.50000e-01 2.50000e-02 -4.47115e-15 
2.50000e-01 5.00000e-02 6.20803e-15 
2.50000e-01 7.50000e-02 -7.70325e-15 
2.50000e-01 1.00000e-01 6.02824e-15 
2.50000e-01 1.25000e-01 -3.38549e-15 
2.50000e-01 1.50000e-01 7.61729e-16 
2.50000e-01 1.75000e-01 -6.48472e-16 
2.50000e-01 2.00000e-01 9.77086e-16 
2.50000e-01 2.25000e-01 -7.26323e-16 
2.50000e-01 2.50000e-01 -5.29904e-16 
2.50000e-01 2.75000e-01 -2.18476e-15 
2.50000e-01 3.00000e-01 -1.46362e-15 
2.50000e-01 3.25000e-01 -2.46183e-15 
2.50000e-01 3.50000e-01 -2.11495e-15 
2.50000e-01 3.75000e-01 2.41305e-16 
2.50000e-01 4.00000e-01 -6.42465e-15 
2.50000e-01 4.25000e-01 -3.68977e-16 
2.50000e-01 4.50000e-01 -5.58496e-15 
2.50000e-01 4.75000e-01 -4.76321e-15 
2.50000e-01 5.00000e-01 3.64403e-15 
2.50000e-01 5.25000e-01 -6.79879e-15 
2.50000e-01 5.50000e-01 -6.22192e-15 
2.50000e-01 5.75000e-01 -2.93312e-15 
2.50000e-01 6.00000e-01 -8.76242e-16 
2.50000e-01 6.25000e-01 -3.77837e-15 
2.50000e-01 6.50000e-01 -5.11277e-15 
2.50000e-01 6.75000e-01 -3.20316e-15 
2.50000e-01 7.00000e-01 -1.69808e-15 
2.50000e-01 7.25000e-01 -3.04806e-15 
2.50000e-01 7.50000e-01 -3.11166e-15 
2.50000e-01 7.75000e-01 -2.61419e-15 
2.50000e-01 8.00000e-01 -1.68937e-15 
2.50000e-01 8.25000e-01 -4.84840e-15 
2.50000e-01 8.50000e-01 3.69179e-15 
2.50000e-01 8.75000e-01 -1.17687e-14 
2.50000e-01 9.00000e-01 5.03111e-15 
2.50000e-01 9.25000e-01 5.10186e-15 
2.50000e-01 9.50000e-01 -4.62772e-15 
2.50000e-01 9.75000e-01 1.27508e-14 
2.50000e-01 1.00000e+00 0.00000e+00 

2.75000e-01 0.00000e+00 0.00000e+00 
2.75000e-01 2.50000e-02 -1.08247e-15 
2.75000e-01 5.00000e-02 -1.74860e-14 
2.75000e-01 7.50000e-02 6.43929e-15 
2.75000e-01 1.00000e-01 -6.68909e-15 
2.75000e-01 1.25000e-01 2.83107e-15 
2.75000e-01 1.50000e-01 -1.26288e-14 
2.75000e-01 1.75000e-01 -7.27196e-15 
2.75000e-01 2.00000e-01 -1.15880e-14 
2.75000e-01 2.25000e-01 -4.99253e-15 
2.75000e-01 2.50000e-01 -5.10262e-15 
2.75000e-01 2.75000e-01 -7.30319e-15 
2.75000e-01 3.00000e-01 -4.53804e-15 
2.75000e-01 3.25000e-01 -9.21485e-15 
2.75000e-01 3.50000e-01 -9.29812e-16 
2.75000e-01 3.75000e-01 -6.88338e-15 
2.75000e-01 4.00000e-01 -7.60503e-15 
2.75000e-01 4.25000e-01 -3.96905e-15 
2.75000e-01 4.50000e-01 -5.05151e-15 
2.75000e-01 4.75000e-01 -1.07969e-14 
2.75000e-01 5.00000e-01 -6.10623e-15 
2.75000e-01 5.25000e-01 8.54872e-15 
2.75000e-01 5.50000e-01 -6.66134e-16 
2.75000e-01 5.75000e-01 -2.08167e-15 
2.75000e-01 6.00000e-01 -1.37668e-14 
2.75000e-01 6.25000e-01 4.24660e-15 
2.75000e-01 6.50000e-01 -1.11161e-14 
2.75000e-01 6.75000e-01 -5.56499e-15 
2.75000e-01 7.00000e-01 -6.37684e-15 
2.75000e-01 7.25000e-01 -8.64586e-15 
2.75000e-01 7.50000e-01 -4.32027e-15 
2.75000e-01 7.75000e-01 -2.49106e-15 
2.75000e-01 8.00000e-01 -4.05231e-15 
2.75000e-01 8.25000e-01 -1.87350e-15 
2.75000e-01 8.50000e-01 -8.96505e-15 
2.75000e-01 8.75000e-01 3.88578e-16 
2.75000e-01 9.00000e-01 8.32667e-17 
2.75000e-01 9.25000e-01 -1.48770e-14 
2.75000e-01 9.50000e-01 2.02616e-15 
2.75000e-01 9.75000e-01 2.14273e-14 
2.75000e-01 1.00000e+00 0.00000e+00 

3.00000e-01 0.00000e+00 0.00000e+00 
3.00000e-01 2.50000e-02 -4.92939e-14 
3.00000e-01 5.00000e-02 2.56462e-14 
3.00000e-01 7.50000e-02 -2.34257e-14 
3.00000e-01 1.00000e-01 -3.77476e-15 
3.00000e-01 1.25000e-01 -4.96825e-15 
3.00000e-01 1.50000e-01 1.21292e-14 
3.00000e-01 1.75000e-01 6.16174e-15 
3.00000e-01 2.00000e-01 8.45157e-15 
3.00000e-01 2.25000e-01 6.43235e-15 
3.00000e-01 2.50000e-01 1.54233e-15 
3.00000e-01 2.75000e-01 8.86791e-15 
3.00000e-01 3.00000e-01 1.15186e-14 
3.00000e-01 3.25000e-01 9.43690e-15 
3.00000e-01 3.50000e-01 1.25178e-14 
3.00000e-01 3.75000e-01 2.13718e-15 
3.00000e-01 4.00000e-01 3.01426e-14 
3.00000e-01 4.25000e-01 -1.23235e-14 
3.00000e-01 4.50000e-01 2.36478e-14 
3.00000e-01 4.75000e-01 9.04832e-15 
3.00000e-01 5.00000e-01 2.06501e-14 
3.00000e-01 5.25000e-01 -4.82947e-15 
3.00000e-01 5.50000e-01 1.25455e-14 
3.00000e-01 5.75000e-01 1.35447e-14 
3.00000e-01 6.00000e-01 3.07532e-14 
3.00000e-01 6.25000e-01 1.71252e-14 
3.00000e-01 6.50000e-01 1.88183e-14 
3.00000e-01 6.75000e-01 2.14828e-14 
3.00000e-01 7.00000e-01 1.89709e-14 
3.00000e-01 7.25000e-01 2.67286e-14 
3.00000e-01 7.50000e-01 1.87050e-14 
3.00000e-01 7.75000e-01 1.49256e-14 
3.00000e-01 8.00000e-01 9.04832e-15 
3.00000e-01 8.25000e-01 6.38378e-16 
3.00000e-01 8.50000e-01 2.55351e-15 
3.00000e-01 8.75000e-01 3.60822e-14 
3.00000e-01 9.00000e-01 -8.27116e-15 
3.00000e-01 9.25000e-01 1.62093e-14 
3.00000e-01 9.50000e-01 -1.45994e-14 
3.00000e-01 9.75000e-01 -3.61378e-14 
3.00000e-01 1.00000e+00 0.00000e+00 

3.25000e-01 0.00000e+00 0.00000e+00 
3.25000e-01 2.50000e-02 1.03806e-14 
3.25000e-01 5.00000e-02 -2.75335e-14 
3.25000e-01 7.50000e-02 3.55271e-15 
3.25000e-01 1.00000e-01 1.08247e-14 
3.25000e-01 1.25000e-01 1.72085e-15 
3.25000e-01 1.50000e-01 -7.16094e-15 
3.25000e-01 1.75000e-01 -4.55191e-15 
3.25000e-01 2.00000e-01 -3.99680e-15 
3.25000e-01 2.25000e-01 2.19269e-15 
3.25000e-01 2.50000e-01 4.92618e-16 
3.25000e-01 2.75000e-01 -9.76996e-15 
3.25000e-01 3.00000e-01 -1.76248e-14 
3.25000e-01 3.25000e-01 -8.68750e-15 
3.25000e-01 3.50000e-01 -1.99285e-14 
3.25000e-01 3.75000e-01 1.66533e-15 
3.25000e-01 4.00000e-01 -3.72480e-14 
3.25000e-01 4.25000e-01 2.14828e-14 
3.25000e-01 4.50000e-01 -2.93654e-14 
3.25000e-01 4.75000e-01 -6.27276e-15 
3.25000e-01 5.00000e-01 -3.89688e-14 
3.25000e-01 5.25000e-01 -6.21725e-15 
3.25000e-01 5.50000e-01 -3.07532e-14 
3.25000e-01 5.75000e-01 -3.34732e-14 
3.25000e-01 6.00000e-01 -2.34257e-14 
3.25000e-01 6.25000e-01 -3.63598e-14 
3.25000e-01 6.50000e-01 -2.25930e-14 
3.25000e-01 6.75000e-01 -1.20459e-14 
3.25000e-01 7.00000e-01 -1.88460e-14 
3.25000e-01 7.25000e-01 -2.69923e-14 
3.25000e-01 7.50000e-01 -2.45497e-14 
3.25000e-01 7.75000e-01 -2.33702e-14 
3.25000e-01 8.00000e-01 -1.10467e-14 
3.25000e-01 8.25000e-01 1.01030e-14 
3.25000e-01 8.50000e-01 -1.44329e-14 
3.25000e-01 8.75000e-01 -5.57887e-14 
3.25000e-01 9.00000e-01 1.78191e-14 
3.25000e-01 9.25000e-01 2.88658e-15 
3.25000e-01 9.50000e-01 2.33147e-15 
3.25000e-01 9.75000e-01 5.61218e-14 
3.25000e-01 1.00000e+00 0.00000e+00 

3.50000e-01 0.00000e+00 0.00000e+00 
3.50000e-01 2.50000e-02 1.00808e-13 
3.50000e-01 5.00000e-02 -1.54321e-14 
3.50000e-01 7.50000e-02 1.33227e-15 
3.50000e-01 1.00000e-01 1.40443e-14 
3.50000e-01 1.25000e-01 1.00475e-14 
3.50000e-01 1.50000e-01 6.66134e-16 
3.50000e-01 1.75000e-01 1.55986e-14 
3.50000e-01 2.00000e-01 -2.02616e-15 
3.50000e-01 2.25000e-01 7.07767e-15 
3.50000e-01 2.50000e-01 1.29744e-14 
3.50000e-01 2.75000e-01 1.88183e-14 
3.50000e-01 3.00000e-01 1.11300e-14 
3.50000e-01 3.25000e-01 2.10387e-14 
3.50000e-01 3.50000e-01 1.18239e-14 
3.50000e-01 3.75000e-01 -1.98730e-14 
3.50000e-01 4.00000e-01 5.32907e-15 
3.50000e-01 4.25000e-01 4.32987e-15 
3.50000e-01 4.50000e-01 3.06422e-14 
3.50000e-01 4.75000e-01 1.29896e-14 
3.50000e-01 5.00000e-01 3.03091e-14 
3.50000e-01 5.25000e-01 1.16573e-14 
3.50000e-01 5.50000e-01 2.36478e-14 
3.50000e-01 5.75000e-01 3.60822e-14 
3.50000e-01 6.00000e-01 2.60902e-14 
3.50000e-01 6.25000e-01 1.91513e-14 
3.50000e-01 6.50000e-01 8.43769e-15 
3.50000e-01 6.75000e-01 -8.65974e-15 
3.50000e-01 7.00000e-01 8.68750e-15 
3.50000e-01 7.25000e-01 5.30131e-15 
3.50000e-01 7.50000e-01 1.08633e-14 
3.50000e-01 7.75000e-01 1.34753e-14 
3.50000e-01 8.00000e-01 7.79932e-15 
3.50000e-01 8.25000e-01 2.55351e-15 
3.50000e-01 8.50000e-01 -3.88578e-16 
3.50000e-01 8.75000e-01 3.79696e-14 
3.50000e-01 9.00000e-01 -1.50435e-14 
3.50000e-01 9.25000e-01 5.44009e-15 
3.50000e-01 9.50000e-01 -4.32987e-15 
3.50000e-01 9.75000e-01 -1.14353e-13 
3.50000e-01 1.00000e+00 0.00000e+00 

3.75000e-01 0.00000e+00 0.00000e+00 
3.75000e-01 2.50000e-02 -2.27596e-14 
3.75000e-01 5.00000e-02 8.79297e-14 
3.75000e-01 7.50000e-02 2.63123e-14 
3.75000e-01 1.00000e-01 -4.52971e-14 
3.75000e-01 1.25000e-01 -3.71370e-14 
3.75000e-01 1.50000e-01 -9.43690e-16 
3.75000e-01 1.75000e-01 -3.36953e-14 
3.75000e-01 2.00000e-01 -1.21292e-14 
3.75000e-01 2.25000e-01 -1.53905e-14 
3.75000e-01 2.50000e-01 -3.09214e-14 
3.75000e-01 2.75000e-01 -2.51188e-14 
3.75000e-01 3.00000e-01 -1.07137e-14 
3.75000e-01 3.25000e-01 -2.53686e-14 
3.75000e-01 3.50000e-01 -1.43219e-14 
3.75000e-01 3.75000e-01 -5.99520e-15 
3.75000e-01 4.00000e-01 1.18794e-14 
3.75000e-01 4.25000e-01 -8.21565e-15 
3.75000e-01 4.50000e-01 -1.15463e-14 
3.75000e-01 4.75000e-01 -1.06581e-14 
3.75000e-01 5.00000e-01 -1.68754e-14 
3.75000e-01 5.25000e-01 -2.02061e-14 
3.75000e-01 5.50000e-01 -7.43849e-15 
3.75000e-01 5.75000e-01 -1.12133e-14 
3.75000e-01 6.00000e-01 -4.22995e-14 
3.75000e-01 6.25000e-01 1.64313e-14 
3.75000e-01 6.50000e-01 -4.44089e-15 
3.75000e-01 6.75000e-01 8.82627e-15 
3.75000e-01 7.00000e-01 -1.86795e-14 
3.75000e-01 7.25000e-01 4.45477e-15 
3.75000e-01 7.50000e-01 -9.10941e-16 
3.75000e-01 7.75000e-01 -3.08087e-15 
3.75000e-01 8.00000e-01 -8.60423e-16 
3.75000e-01 8.25000e-01 -1.41553e-14 
3.75000e-01 8.50000e-01 3.18634e-14 
3.75000e-01 8.75000e-01 7.49401e-15 
3.75000e-01 9.00000e-01 -7.77156e-16 
3.75000e-01 9.25000e-01 -1.66533e-14 
3.75000e-01 9.50000e-01 3.79696e-14 
3.75000e-01 9.75000e-01 5.90639e-14 
3.75000e-01 1.00000e+00 0.00000e+00 

4.00000e-01 0.00000e+00 0.00000e+00 
4.00000e-01 2.50000e-02 2.66454e-15 
4.00000e-01 5.00000e-02 -6.83897e-14 
4.00000e-01 7.50000e-02 -1.66533e-15 
4.00000e-01 1.00000e-01 6.40599e-14 
4.00000e-01 1.25000e-01 4.77396e-14 
4.00000e-01 1.50000e-01 1.54876e-14 
4.00000e-01 1.75000e-01 4.26881e-14 
4.00000e-01 2.00000e-01 2.99760e-14 
4.00000e-01 2.25000e-01 1.14353e-14 
4.00000e-01 2.50000e-01 2.94408e-14 
4.00000e-01 2.75000e-01 8.74301e-15 
4.00000e-01 3.00000e-01 1.79856e-14 
4.00000e-01 3.25000e-01 1.13243e-14 
4.00000e-01 3.50000e-01 9.49241e-15 
4.00000e-01 3.75000e-01 5.35127e-14 
4.00000e-01 4.00000e-01 -1.66533e-15 
4.00000e-01 4.25000e-01 4.32987e-14 
4.00000e-01 4.50000e-01 -7.03881e-14 
4.00000e-01 4.75000e-01 -1.94289e-14 
4.00000e-01 5.00000e-01 3.87468e-14 
4.00000e-01 5.25000e-01 1.95399e-14 
4.00000e-01 5.50000e-01 -9.32587e-15 
4.00000e-01 5.75000e-01 -1.33227e-15 
4.00000e-01 6.00000e-01 4.26326e-14 
4.00000e-01 6.25000e-01 -4.34097e-14 
4.00000e-01 6.50000e-01 1.65978e-14 
4.00000e-01 6.75000e-01 -2.31482e-14 
4.00000e-01 7.00000e-01 2.18159e-14 
4.00000e-01 7.25000e-01 2.49800e-15 
4.00000e-01 7.50000e-01 3.61806e-15 
4.00000e-01 7.75000e-01 5.55112e-16 
4.00000e-01 8.00000e-01 -1.72085e-15 
4.00000e-01 8.25000e-01 -7.10543e-15 
4.00000e-01 8.50000e-01 6.60583e-15 
4.00000e-01 8.75000e-01 -7.66054e-15 
4.00000e-01 9.00000e-01 -3.85247e-14 
4.00000e-01 9.25000e-01 -1.54321e-14 
4.00000e-01 9.50000e-01 1.48104e-13 
4.00000e-01 9.75000e-01 -3.35287e-14 
4.00000e-01 1.00000e+00 0.00000e+00 

4.25000e-01 0.00000e+00 0.00000e+00 
4.25000e-01 2.50000e-02 -2.72116e-13 
4.25000e-01 5.00000e-02 1.48881e-13 
4.25000e-01 7.50000e-02 -1.14353e-14 
4.25000e-01 1.00000e-01 -2.67564e-14 
4.25000e-01 1.25000e-01 -5.77316e-15 
4.25000e-01 1.50000e-01 -2.99760e-15 
4.25000e-01 1.75000e-01 -3.75255e-14 
4.25000e-01 2.00000e-01 -3.21965e-15 
4.25000e-01 2.25000e-01 -3.96905e-15 
4.25000e-01 2.50000e-01 -3.52401e-15 
4.25000e-01 2.75000e-01 1.06859e-14 
4.25000e-01 3.00000e-01 -4.66294e-15 
4.25000e-01 3.25000e-01 -1.44329e-15 
4.25000e-01 3.50000e-01 -2.55351e-15 
4.25000e-01 3.75000e-01 -6.92779e-14 
4.25000e-01 4.00000e-01 3.49720e-14 
4.25000e-01 4.25000e-01 -6.89448e-14 
4.25000e-01 4.50000e-01 1.12022e-13 
4.25000e-01 4.75000e-01 3.60822e-14 
4.25000e-01 5.00000e-01 -4.77396e-15 
4.25000e-01 5.25000e-01 -1.93179e-14 
4.25000e-01 5.50000e-01 9.99201e-16 
4.25000e-01 5.75000e-01 -5.32907e-15 
4.25000e-01 6.00000e-01 -1.22125e-14 
4.25000e-01 6.25000e-01 4.75175e-14 
4.25000e-01 6.50000e-01 -2.17604e-14 
4.25000e-01 6.75000e-01 1.54321e-14 
4.25000e-01 7.00000e-01 1.88738e-15 
4.25000e-01 7.25000e-01 -1.05749e-14 
4.25000e-01 7.50000e-01 -2.26494e-15 
4.25000e-01 7.75000e-01 2.13718e-15 
4.25000e-01 8.00000e-01 8.32667e-16 
4.25000e-01 8.25000e-01 3.61933e-14 
4.25000e-01 8.50000e-01 -3.68594e-14 
4.25000e-01 8.75000e-01 0.00000e+00 
4.25000e-01 9.00000e-01 4.27436e-14 
4.25000e-01 9.25000e-01 5.79536e-14 
4.25000e-01 9.50000e-01 -1.89737e-13 
4.25000e-01 9.75000e-01 -9.45910e-14 
4.25000e-01 1.00000e+00 0.00000e+00 

4.50000e-01 0.00000e+00 0.00000e+00 
4.50000e-01 2.50000e-02 4.09450e-13 
4.50000e-01 5.00000e-02 -2.36922e-13 
4.50000e-01 7.50000e-02 -1.47660e-14 
4.50000e-01 1.00000e-01 3.41949e-14 
4.50000e-01 1.25000e-01 -4.26326e-14 
4.50000e-01 1.50000e-01 -9.88098e-15 
4.50000e-01 1.75000e-01 -1.09912e-14 
4.50000e-01 2.00000e-01 -4.08562e-14 
4.50000e-01 2.25000e-01 -2.05946e-14 
4.50000e-01 2.50000e-01 -1.84463e-14 
4.50000e-01 2.75000e-01 -2.54519e-14 
4.50000e-01 3.00000e-01 -2.00950e-14 
4.50000e-01 3.25000e-01 -3.21410e-14 
4.50000e-01 3.50000e-01 -1.52101e-14 
4.50000e-01 3.75000e-01 4.80727e-14 
4.50000e-01 4.00000e-01 -6.76126e-14 
4.50000e-01 4.25000e-01 -1.77636e-15 
4.50000e-01 4.50000e-01 -9.05942e-14 
4.50000e-01 4.75000e-01 -9.88098e-15 
4.50000e-01 5.00000e-01 -1.96509e-14 
4.50000e-01 5.25000e-01 -6.99441e-15 
4.50000e-01 5.50000e-01 -4.55191e-15 
4.50000e-01 5.75000e-01 1.45439e-14 
4.50000e-01 6.00000e-01 -3.99680e-14 
4.50000e-01 6.25000e-01 -3.77476e-14 
4.50000e-01 6.50000e-01 1.42109e-14 
4.50000e-01 6.75000e-01 -4.88498e-15 
4.50000e-01 7.00000e-01 -6.55032e-15 
4.50000e-01 7.25000e-01 -2.69229e-15 
4.50000e-01 7.50000e-01 -1.61317e-14 
4.50000e-01 7.75000e-01 -1.12965e-14 
4.50000e-01 8.00000e-01 -1.56541e-14 
4.50000e-01 8.25000e-01 -3.99680e-14 
4.50000e-01 8.50000e-01 -2.00950e-14 
4.50000e-01 8.75000e-01 -9.10383e-15 
4.50000e-01 9.00000e-01 3.15303e-14 
4.50000e-01 9.25000e-01 -1.17351e-13 
4.50000e-01 9.50000e-01 -6.55032e-15 
4.50000e-01 9.75000e-01 2.20601e-13 
4.50000e-01 1.00000e+00 0.00000e+00 

4.75000e-01 0.00000e+00 0.00000e+00 
4.75000e-01 2.50000e-02 -2.78444e-13 
4.75000e-01 5.00000e-02 1.37557e-13 
4.75000e-01 7.50000e-02 5.00711e-14 
4.75000e-01 1.00000e-01 5.44009e-15 
4.75000e-01 1.25000e-01 1.46549e-14 
4.75000e-01 1.50000e-01 2.32037e-14 
4.75000e-01 1.75000e-01 3.80806e-14 
4.75000e-01 2.00000e-01 3.58047e-14 
4.75000e-01 2.25000e-01 4.31599e-14 
4.75000e-01 2.50000e-01 2.31848e-14 
4.75000e-01 2.75000e-01 2.39253e-14 
4.75000e-01 3.00000e-01 2.43139e-14 
4.75000e-01 3.25000e-01 2.70339e-14 
4.75000e-01 3.50000e-01 3.37508e-14 
4.75000e-01 3.75000e-01 -6.47260e-14 
4.75000e-01 4.00000e-01 6.10623e-14 
4.75000e-01 4.25000e-01 8.32667e-14 
4.75000e-01 4.50000e-01 5.67324e-14 
4.75000e-01 4.75000e-01 -2.97540e-14 
4.75000e-01 5.00000e-01 -1.18794e-14 
4.75000e-01 5.25000e-01 1.19904e-14 
4.75000e-01 5.50000e-01 6.77236e-15 
4.75000e-01 5.75000e-01 -1.42109e-14 
4.75000e-01 6.00000e-01 4.15223e-14 
4.75000e-01 6.25000e-01 -6.21725e-15 
4.75000e-01 6.50000e-01 -3.54161e-14 
4.75000e-01 6.75000e-01 -3.94129e-15 
4.75000e-01 7.00000e-01 -2.07612e-14 
4.75000e-01 7.25000e-01 -2.94209e-15 
4.75000e-01 7.50000e-01 2.65492e-14 
4.75000e-01 7.75000e-01 1.94567e-14 
4.75000e-01 8.00000e-01 2.73670e-14 
4.75000e-01 8.25000e-01 4.24105e-14 
4.75000e-01 8.50000e-01 1.27676e-14 
4.75000e-01 8.75000e-01 9.32587e-15 
4.75000e-01 9.00000e-01 -3.05311e-14 
4.75000e-01 9.25000e-01 1.58429e-13 
4.75000e-01 9.50000e-01 -1.78746e-14 
4.75000e-01 9.75000e-01 9.61453e-14 
4.75000e-01 1.00000e+00 0.00000e+00 

5.00000e-01 0.00000e+00 0.00000e+00 
5.00000e-01 2.50000e-02 6.66134e-16 
5.00000e-01 5.00000e-02 -5.32907e-15 
5.00000e-01 7.50000e-02 -3.11973e-14 
5.00000e-01 1.00000e-01 -3.33067e-14 
5.00000e-01 1.25000e-01 1.95399e-14 
5.00000e-01 1.50000e-01 1.66533e-15 
5.00000e-01 1.75000e-01 -2.22045e-14 
5.00000e-01 2.00000e-01 -1.28786e-14 
5.00000e-01 2.25000e-01 -2.58960e-14 
5.00000e-01 2.50000e-01 -2.29596e-14 
5.00000e-01 2.75000e-01 -1.66533e-14 
5.00000e-01 3.00000e-01 -1.47660e-14 
5.00000e-01 3.25000e-01 2.66454e-15 
5.00000e-01 3.50000e-01 -7.21645e-15 
5.00000e-01 3.75000e-01 5.32907e-15 
5.00000e-01 4.00000e-01 -5.00711e-14 
5.00000e-01 4.25000e-01 -8.24896e-14 
5.00000e-01 4.50000e-01 -4.18554e-14 
5.00000e-01 4.75000e-01 2.14273e-14 
5.00000e-01 5.00000e-01 5.48450e-14 
5.00000e-01 5.25000e-01 -1.45439e-14 
5.00000e-01 5.50000e-01 5.32907e-15 
5.00000e-01 5.75000e-01 -1.89848e-14 
5.00000e-01 6.00000e-01 -1.68754e-14 
5.00000e-01 6.25000e-01 3.88578e-14 
5.00000e-01 6.50000e-01 5.12923e-14 
5.00000e-01 6.75000e-01 2.09277e-14 
5.00000e-01 7.00000e-01 2.47580e-14 
5.00000e-01 7.25000e-01 1.71807e-14 
5.00000e-01 7.50000e-01 -2.16738e-14 
5.00000e-01 7.75000e-01 -1.94289e-14 
5.00000e-01 8.00000e-01 -1.33227e-14 
5.00000e-01 8.25000e-01 -5.11813e-14 
5.00000e-01 8.50000e-01 -3.33067e-16 
5.00000e-01 8.75000e-01 -5.21805e-15 
5.00000e-01 9.00000e-01 -1.65423e-14 
5.00000e-01 9.25000e-01 -1.97620e-13 
5.00000e-01 9.50000e-01 1.80633e-13 
5.00000e-01 9.75000e-01 -3.54716e-13 
5.00000e-01 1.00000e+00 0.00000e+00 

5.25000e-01 0.00000e+00 0.00000e+00 
5.25000e-01 2.50000e-02 1.77636e-15 
5.25000e-01 5.00000e-02 1.23568e-13 
5.25000e-01 7.50000e-02 -2.77556e-14 
5.25000e-01 1.00000e-01 1.92069e-14 
5.25000e-01 1.25000e-01 6.66134e-16 
5.25000e-01 1.50000e-01 -2.68674e-14 
5.25000e-01 1.75000e-01 -1.05471e-14 
5.25000e-01 2.00000e-01 4.94049e-15 
5.25000e-01 2.25000e-01 1.49880e-15 
5.25000e-01 2.50000e-01 1.83276e-14 
5.25000e-01 2.75000e-01 -2.41474e-15 
5.25000e-01 3.00000e-01 1.32117e-14 
5.25000e-01 3.25000e-01 -3.39728e-14 
5.25000e-01 3.50000e-01 -4.66294e-14 
5.25000e-01 3.75000e-01 5.19584e-14 
5.25000e-01 4.00000e-01 5.66214e-15 
5.25000e-01 4.25000e-01 6.95000e-14 
5.25000e-01 4.50000e-01 5.12923e-14 
5.25000e-01 4.75000e-01 -3.24185e-14 
5.25000e-01 5.00000e-01 -6.45040e-14 
5.25000e-01 5.25000e-01 9.99201e-16 
5.25000e-01 5.50000e-01 4.10783e-15 
5.25000e-01 5.75000e-01 -2.99760e-15 
5.25000e-01 6.00000e-01 4.44089e-14 
5.25000e-01 6.25000e-01 -6.10623e-15 
5.25000e-01 6.50000e-01 -3.80806e-14 
5.25000e-01 6.75000e-01 -8.77076e-15 
5.25000e-01 7.00000e-01 -8.32667e-15 
5.25000e-01 7.25000e-01 1.91513e-15 
5.25000e-01 7.50000e-01 2.44676e-14 
5.25000e-01 7.75000e-01 1.87350e-14 
5.25000e-01 8.00000e-01 2.18159e-14 
5.25000e-01 8.25000e-01 2.98650e-14 
5.25000e-01 8.50000e-01 7.50511e-14 
5.25000e-01 8.75000e-01 -1.88738e-15 
5.25000e-01 9.00000e-01 -1.39888e-14 
5.25000e-01 9.25000e-01 1.19460e-13 
5.25000e-01 9.50000e-01 -9.65894e-15 
5.25000e-01 9.75000e-01 9.04832e-14 
5.25000e-01 1.00000e+00 0.00000e+00 

5.50000e-01 0.00000e+00 0.00000e+00 
5.50000e-01 2.50000e-02 3.31735e-13 
5.50000e-01 5.00000e-02 -1.84186e-13 
5.50000e-01 7.50000e-02 5.46230e-14 
5.50000e-01 1.00000e-01 2.58682e-14 
5.50000e-01 1.25000e-01 -7.88258e-15 
5.50000e-01 1.50000e-01 -2.88658e-15 
5.50000e-01 1.75000e-01 2.37033e-14 
5.50000e-01 2.00000e-01 2.02061e-14 
5.50000e-01 2.25000e-01 2.24265e-14 
5.50000e-01 2.50000e-01 5.14594e-15 
5.50000e-01 2.75000e-01 1.27121e-14 
5.50000e-01 3.00000e-01 -4.82947e-15 
5.50000e-01 3.25000e-01 3.86358e-14 
5.50000e-01 3.50000e-01 3.89688e-14 
5.50000e-01 3.75000e-01 -2.13163e-14 
5.50000e-01 4.00000e-01 4.55191e-15 
5.50000e-01 4.25000e-01 -7.32747e-15 
5.50000e-01 4.50000e-01 -3.78586e-14 
5.50000e-01 4.75000e-01 2.06501e-14 
5.50000e-01 5.00000e-01 8.30447e-14 
5.50000e-01 5.25000e-01 1.24345e-14 
5.50000e-01 5.50000e-01 1.21014e-14 
5.50000e-01 5.75000e-01 2.28706e-14 
5.50000e-01 6.00000e-01 -3.44169e-14 
5.50000e-01 6.25000e-01 -2.10942e-14 
5.50000e-01 6.50000e-01 -9.99201e-16 
5.50000e-01 6.75000e-01 -5.55112e-15 
5.50000e-01 7.00000e-01 -7.21645e-15 
5.50000e-01 7.25000e-01 4.94049e-15 
5.50000e-01 7.50000e-01 6.76666e-15 
5.50000e-01 7.75000e-01 4.99600e-15 
5.50000e-01 8.00000e-01 1.14353e-14 
5.50000e-01 8.25000e-01 1.27676e-14 
5.50000e-01 8.50000e-01 -3.95239e-14 
5.50000e-01 8.75000e-01 -6.32827e-15 
5.50000e-01 9.00000e-01 -1.56541e-14 
5.50000e-01 9.25000e-01 -7.77156e-16 
5.50000e-01 9.50000e-01 -3.15303e-14 
5.50000e-01 9.75000e-01 2.53908e-13 
5.50000e-01 1.00000e+00 0.00000e+00 

5.75000e-01 0.00000e+00 0.00000e+00 
5.75000e-01 2.50000e-02 -4.27214e-13 
5.75000e-01 5.00000e-02 9.64784e-14 
5.75000e-01 7.50000e-02 -3.89688e-14 
5.75000e-01 1.00000e-01 -3.76366e-14 
5.75000e-01 1.25000e-01 -1.38778e-14 
5.75000e-01 1.50000e-01 1.80966e-14 
5.75000e-01 1.75000e-01 -2.62568e-14 
5.75000e-01 2.00000e-01 -2.63678e-14 
5.75000e-01 2.25000e-01 -1.91791e-14 
5.75000e-01 2.50000e-01 -1.70548e-14 
5.75000e-01 2.75000e-01 -2.22045e-15 
5.75000e-01 3.00000e-01 -9.65894e-15 
5.75000e-01 3.25000e-01 -2.93099e-14 
5.75000e-01 3.50000e-01 6.99441e-15 
5.75000e-01 3.75000e-01 -1.95399e-14 
5.75000e-01 4.00000e-01 -1.52101e-14 
5.75000e-01 4.25000e-01 -3.30846e-14 
5.75000e-01 4.50000e-01 8.11573e-14 
5.75000e-01 4.75000e-01 3.01981e-14 
5.75000e-01 5.00000e-01 -6.61693e-14 
5.75000e-01 5.25000e-01 1.92069e-14 
5.75000e-01 5.50000e-01 6.66134e-16 
5.75000e-01 5.75000e-01 1.37668e-14 
5.75000e-01 6.00000e-01 1.24345e-14 
5.75000e-01 6.25000e-01 9.76996e-15 
5.75000e-01 6.50000e-01 4.05231e-14 
5.75000e-01 6.75000e-01 4.88498e-15 
5.75000e-01 7.00000e-01 1.42664e-14 
5.75000e-01 7.25000e-01 1.52656e-15 
5.75000e-01 7.50000e-01 -1.02447e-14 
5.75000e-01 7.75000e-01 -1.54876e-14 
5.75000e-01 8.00000e-01 -8.10463e-15 
5.75000e-01 8.25000e-01 -7.61058e-14 
5.75000e-01 8.50000e-01 -4.66294e-15 
5.75000e-01 8.75000e-01 1.68754e-14 
5.75000e-01 9.00000e-01 6.23945e-14 
5.75000e-01 9.25000e-01 5.55112e-14 
5.75000e-01 9.50000e-01 -1.11688e-13 
5.75000e-01 9.75000e-01 -2.55240e-13 
5.75000e-01 1.00000e+00 0.00000e+00 

6.00000e-01 0.00000e+00 0.00000e+00 
6.00000e-01 2.50000e-02 2.49800e-13 
6.00000e-01 5.00000e-02 -3.77476e-14 
6.00000e-01 7.50000e-02 -5.42899e-14 
6.00000e-01 1.00000e-01 8.91509e-14 
6.00000e-01 1.25000e-01 1.44329e-14 
6.00000e-01 1.50000e-01 5.82867e-15 
6.00000e-01 1.75000e-01 1.36002e-14 
6.00000e-01 2.00000e-01 1.30174e-14 
6.00000e-01 2.25000e-01 3.13638e-15 
6.00000e-01 2.50000e-01 1.59099e-14 
6.00000e-01 2.75000e-01 5.60663e-15 
6.00000e-01 3.00000e-01 2.00118e-14 
6.00000e-01 3.25000e-01 4.32987e-15 
6.00000e-01 3.50000e-01 -1.97065e-14 
6.00000e-01 3.75000e-01 -1.99840e-15 
6.00000e-01 4.00000e-01 5.37348e-14 
6.00000e-01 4.25000e-01 1.27676e-14 
6.00000e-01 4.50000e-01 -6.49480e-14 
6.00000e-01 4.75000e-01 -6.67244e-14 
6.00000e-01 5.00000e-01 3.58602e-14 
6.00000e-01 5.25000e-01 -4.44089e-14 
6.00000e-01 5.50000e-01 -4.55191e-14 
6.00000e-01 5.75000e-01 -4.30767e-14 
6.00000e-01 6.00000e-01 1.89848e-14 
6.00000e-01 6.25000e-01 -2.13163e-14 
6.00000e-01 6.50000e-01 -4.59077e-14 
6.00000e-01 6.75000e-01 3.88578e-16 
6.00000e-01 7.00000e-01 -2.02616e-14 
6.00000e-01 7.25000e-01 -2.14551e-14 
6.00000e-01 7.50000e-01 -1.99742e-14 
6.00000e-01 7.75000e-01 -1.36557e-14 
6.00000e-01 8.00000e-01 -2.73670e-14 
6.00000e-01 8.25000e-01 5.95080e-14 
6.00000e-01 8.50000e-01 1.22125e-14 
6.00000e-01 8.75000e-01 -8.99281e-15 
6.00000e-01 9.00000e-01 -5.65104e-14 
6.00000e-01 9.25000e-01 -5.97300e-14 
6.00000e-01 9.50000e-01 -2.66454e-14 
6.00000e-01 9.75000e-01 1.33116e-13 
6.00000e-01 1.00000e+00 0.00000e+00 

6.25000e-01 0.00000e+00 0.00000e+00 
6.25000e-01 2.50000e-02 -1.74305e-13 
6.25000e-01 5.00000e-02 4.32987e-14 
6.25000e-01 7.50000e-02 8.02691e-14 
6.25000e-01 1.00000e-01 -4.55191e-14 
6.25000e-01 1.25000e-01 -2.19824e-14 
6.25000e-01 1.50000e-01 -1.36002e-14 
6.25000e-01 1.75000e-01 -1.64313e-14 
6.25000e-01 2.00000e-01 -3.88578e-16 
6.25000e-01 2.25000e-01 1.80411e-16 
6.25000e-01 2.50000e-01 -1.42680e-14 
6.25000e-01 2.75000e-01 -1.74444e-14 
6.25000e-01 3.00000e-01 -1.20182e-14 
6.25000e-01 3.25000e-01 -1.97065e-14 
6.25000e-01 3.50000e-01 -2.77556e-16 
6.25000e-01 3.75000e-01 -1.13243e-14 
6.25000e-01 4.00000e-01 -2.39808e-14 
6.25000e-01 4.25000e-01 1.42109e-14 
6.25000e-01 4.50000e-01 -3.77476e-14 
6.25000e-01 4.75000e-01 4.09672e-14 
6.25000e-01 5.00000e-01 1.11022e-14 
6.25000e-01 5.25000e-01 2.44249e-14 
6.25000e-01 5.50000e-01 3.44169e-14 
6.25000e-01 5.75000e-01 9.76996e-15 
6.25000e-01 6.00000e-01 -2.68674e-14 
6.25000e-01 6.25000e-01 1.23790e-14 
6.25000e-01 6.50000e-01 5.44009e-15 
6.25000e-01 6.75000e-01 -9.88098e-15 
6.25000e-01 7.00000e-01 8.43769e-15 
6.25000e-01 7.25000e-01 4.14946e-15 
6.25000e-01 7.50000e-01 1.40077e-14 
6.25000e-01 7.75000e-01 1.56264e-14 
6.25000e-01 8.00000e-01 1.57374e-14 
6.25000e-01 8.25000e-01 1.42109e-14 
6.25000e-01 8.50000e-01 -1.82077e-14 
6.25000e-01 8.75000e-01 1.55431e-14 
6.25000e-01 9.00000e-01 4.89608e-14 
6.25000e-01 9.25000e-01 -9.72555e-14 
6.25000e-01 9.50000e-01 2.29261e-13 
6.25000e-01 9.75000e-01 -1.88738e-14 
6.25000e-01 1.00000e+00 0.00000e+00 

6.50000e-01 0.00000e+00 0.00000e+00 
6.50000e-01 2.50000e-02 3.53051e-14 
6.50000e-01 5.00000e-02 7.99361e-15 
6.50000e-01 7.50000e-02 -2.25375e-14 
6.50000e-01 1.00000e-01 -2.77556e-14 
6.50000e-01 1.25000e-01 1.96509e-14 
6.50000e-01 1.50000e-01 -9.15934e-15 
6.50000e-01 1.75000e-01 5.16254e-15 
6.50000e-01 2.00000e-01 -5.24580e-15 
6.50000e-01 2.25000e-01 -5.95357e-15 
6.50000e-01 2.50000e-01 -3.15849e-15 
6.50000e-01 2.75000e-01 5.32907e-15 
6.50000e-01 3.00000e-01 8.32667e-17 
6.50000e-01 3.25000e-01 1.97620e-14 
6.50000e-01 3.50000e-01 -7.49401e-15 
6.50000e-01 3.75000e-01 -2.10942e-14 
6.50000e-01 4.00000e-01 -1.44329e-15 
6.50000e-01 4.25000e-01 -1.34337e-14 
6.50000e-01 4.50000e-01 2.38698e-14 
6.50000e-01 4.75000e-01 -3.40838e-14 
6.50000e-01 5.00000e-01 -6.99441e-15 
6.50000e-01 5.25000e-01 7.77156e-16 
6.50000e-01 5.50000e-01 -3.16414e-14 
6.50000e-01 5.75000e-01 8.54872e-15 
6.50000e-01 6.00000e-01 -1.53766e-14 
6.50000e-01 6.25000e-01 1.09912e-14 
6.50000e-01 6.50000e-01 -4.55191e-15 
6.50000e-01 6.75000e-01 -8.88178e-16 
6.50000e-01 7.00000e-01 -6.16174e-15 
6.50000e-01 7.25000e-01 8.63198e-15 
6.50000e-01 7.50000e-01 1.66923e-15 
6.50000e-01 7.75000e-01 2.16493e-15 
6.50000e-01 8.00000e-01 -6.82787e-15 
6.50000e-01 8.25000e-01 -1.55986e-14 
6.50000e-01 8.50000e-01 1.55431e-15 
6.50000e-01 8.75000e-01 2.25375e-14 
6.50000e-01 9.00000e-01 -4.57412e-14 
6.50000e-01 9.25000e-01 1.01030e-13 
6.50000e-01 9.50000e-01 -1.29341e-13 
6.50000e-01 9.75000e-01 -7.14984e-14 
6.50000e-01 1.00000e+00 0.00000e+00 

6.75000e-01 0.00000e+00 0.00000e+00 
6.75000e-01 2.50000e-02 8.50986e-14 
6.75000e-01 5.00000e-02 -8.32667e-15 
6.75000e-01 7.50000e-02 -5.66214e-15 
6.75000e-01 1.00000e-01 3.98015e-14 
6.75000e-01 1.25000e-01 -2.75890e-14 
6.75000e-01 1.50000e-01 5.16254e-15 
6.75000e-01 1.75000e-01 -3.24740e-15 
6.75000e-01 2.00000e-01 -5.66214e-15 
6.75000e-01 2.25000e-01 7.63278e-16 
6.75000e-01 2.50000e-01 3.78859e-15 
6.75000e-01 2.75000e-01 -4.19109e-15 
6.75000e-01 3.00000e-01 -1.54599e-14 
6.75000e-01 3.25000e-01 -7.18869e-15 
6.75000e-01 3.50000e-01 -1.48770e-14 
6.75000e-01 3.75000e-01 1.92069e-14 
6.75000e-01 4.00000e-01 -2.45359e-14 
6.75000e-01 4.25000e-01 2.23710e-14 
6.75000e-01 4.50000e-01 1.38778e-14 
6.75000e-01 4.75000e-01 1.33782e-14 
6.75000e-01 5.00000e-01 -1.79301e-14 
6.75000e-01 5.25000e-01 9.43690e-16 
6.75000e-01 5.50000e-01 -2.77556e-15 
6.75000e-01 5.75000e-01 4.16334e-15 
6.75000e-01 6.00000e-01 1.56541e-14 
6.75000e-01 6.25000e-01 -7.10543e-15 
6.75000e-01 6.50000e-01 6.05072e-15 
6.75000e-01 6.75000e-01 -6.41154e-15 
6.75000e-01 7.00000e-01 -1.94289e-16 
6.75000e-01 7.25000e-01 -1.30868e-14 
6.75000e-01 7.50000e-01 -1.34474e-14 
6.75000e-01 7.75000e-01 -1.36835e-14 
6.75000e-01 8.00000e-01 5.21805e-15 
6.75000e-01 8.25000e-01 -1.01308e-14 
6.75000e-01 8.50000e-01 -8.99281e-15 
6.75000e-01 8.75000e-01 -4.13558e-14 
6.75000e-01 9.00000e-01 2.73115e-14 
6.75000e-01 9.25000e-01 -9.76996e-15 
6.75000e-01 9.50000e-01 4.16334e-15 
6.75000e-01 9.75000e-01 1.01696e-13 
6.75000e-01 1.00000e+00 0.00000e+00 

7.00000e-01 0.00000e+00 0.00000e+00 
7.00000e-01 2.50000e-02 -4.92939e-14 
7.00000e-01 5.00000e-02 -2.22045e-14 
7.00000e-01 7.50000e-02 -8.49321e-15 
7.00000e-01 1.00000e-01 -6.18949e-15 
7.00000e-01 1.25000e-01 2.45359e-14 
7.00000e-01 1.50000e-01 1.62925e-14 
7.00000e-01 1.75000e-01 7.54952e-15 
7.00000e-01 2.00000e-01 1.29757e-14 
7.00000e-01 2.25000e-01 8.43076e-15 
7.00000e-01 2.50000e-01 7.70060e-15 
7.00000e-01 2.75000e-01 1.06859e-14 
7.00000e-01 3.00000e-01 1.60288e-14 
7.00000e-01 3.25000e-01 5.96745e-15 
7.00000e-01 3.50000e-01 2.50078e-14 
7.00000e-01 3.75000e-01 1.08247e-15 
7.00000e-01 4.00000e-01 1.59039e-14 
7.00000e-01 4.25000e-01 1.55431e-15 
7.00000e-01 4.50000e-01 -7.60503e-15 
7.00000e-01 4.75000e-01 2.01505e-14 
7.00000e-01 5.00000e-01 1.50990e-14 
7.00000e-01 5.25000e-01 -1.03806e-14 
7.00000e-01 5.50000e-01 1.38778e-14 
7.00000e-01 5.75000e-01 -1.33227e-15 
7.00000e-01 6.00000e-01 1.51545e-14 
7.00000e-01 6.25000e-01 1.08802e-14 
7.00000e-01 6.50000e-01 4.57967e-15 
7.00000e-01 6.75000e-01 1.19349e-14 
7.00000e-01 7.00000e-01 1.23929e-14 
7.00000e-01 7.25000e-01 1.71876e-14 
7.00000e-01 7.50000e-01 1.83581e-14 
7.00000e-01 7.75000e-01 1.59664e-14 
7.00000e-01 8.00000e-01 9.74221e-15 
7.00000e-01 8.25000e-01 7.91034e-15 
7.00000e-01 8.50000e-01 1.85130e-14 
7.00000e-01 8.75000e-01 2.60070e-14 
7.00000e-01 9.00000e-01 -1.79856e-14 
7.00000e-01 9.25000e-01 2.66454e-15 
7.00000e-01 9.50000e-01 1.73195e-14 
7.00000e-01 9.75000e-01 -7.98805e-14 
7.00000e-01 1.00000e+00 0.00000e+00 

7.25000e-01 0.00000e+00 0.00000e+00 
7.25000e-01 2.50000e-02 1.88738e-15 
7.25000e-01 5.00000e-02 2.55906e-14 
7.25000e-01 7.50000e-02 6.43929e-15 
7.25000e-01 1.00000e-01 3.38618e-15 
7.25000e-01 1.25000e-01 -7.93809e-15 
7.25000e-01 1.50000e-01 -1.12133e-14 
7.25000e-01 1.75000e-01 -1.99840e-15 
7.25000e-01 2.00000e-01 -7.10543e-15 
7.25000e-01 2.25000e-01 -2.52229e-15 
7.25000e-01 2.50000e-01 -5.25305e-15 
7.25000e-01 2.75000e-01 -4.31252e-15 
7.25000e-01 3.00000e-01 -2.41474e-15 
7.25000e-01 3.25000e-01 -5.99520e-15 
7.25000e-01 3.50000e-01 -4.92661e-15 
7.25000e-01 3.75000e-01 -4.91274e-15 
7.25000e-01 4.00000e-01 -2.33147e-15 
7.25000e-01 4.25000e-01 -6.07847e-15 
7.25000e-01 4.50000e-01 3.55271e-15 
7.25000e-01 4.75000e-01 -1.64868e-14 
7.25000e-01 5.00000e-01 -2.94209e-15 
7.25000e-01 5.25000e-01 5.05151e-15 
7.25000e-01 5.50000e-01 -1.30451e-15 
7.25000e-01 5.75000e-01 -9.15934e-16 
7.25000e-01 6.00000e-01 -8.96505e-15 
7.25000e-01 6.25000e-01 -6.60583e-15 
7.25000e-01 6.50000e-01 -4.71845e-15 
7.25000e-01 6.75000e-01 -3.53884e-15 
7.25000e-01 7.00000e-01 -6.23113e-15 
7.25000e-01 7.25000e-01 -7.82707e-15 
7.25000e-01 7.50000e-01 -8.20578e-15 
7.25000e-01 7.75000e-01 -5.86683e-15 
7.25000e-01 8.00000e-01 -6.02990e-15 
7.25000e-01 8.25000e-01 4.57967e-16 
7.25000e-01 8.50000e-01 -1.21708e-14 
7.25000e-01 8.75000e-01 -9.29812e-15 
7.25000e-01 9.00000e-01 3.38618e-15 
7.25000e-01 9.25000e-01 -9.52016e-15 
7.25000e-01 9.50000e-01 1.37945e-14 
7.25000e-01 9.75000e-01 1.50435e-14 
7.25000e-01 1.00000e+00 0.00000e+00 

7.50000e-01 0.00000e+00 0.00000e+00 
7.50000e-01 2.50000e-02 -1.36942e-14 
7.50000e-01 5.00000e-02 2.71029e-15 
7.50000e-01 7.50000e-02 -8.02550e-15 
7.50000e-01 1.00000e-01 2.22308e-15 
7.50000e-01 1.25000e-01 3.10577e-15 
7.50000e-01 1.50000e-01 -7.47707e-17 
7.50000e-01 1.75000e-01 8.42241e-16 
7.50000e-01 2.00000e-01 9.48832e-16 
7.50000e-01 2.25000e-01 -3.51287e-16 
7.50000e-01 2.50000e-01 1.11537e-15 
7.50000e-01 2.75000e-01 -6.24495e-16 
7.50000e-01 3.00000e-01 2.26041e-15 
7.50000e-01 3.25000e-01 1.51183e-15 
7.50000e-01 3.50000e-01 -1.56712e-15 
7.50000e-01 3.75000e-01 2.68861e-15 
7.50000e-01 4.00000e-01 -1.55900e-15 
7.50000e-01 4.25000e-01 1.62464e-15 
7.50000e-01 4.50000e-01 -8.87812e-16 
7.50000e-01 4.75000e-01 2.29834e-15 
7.50000e-01 5.00000e-01 5.29300e-15 
7.50000e-01 5.25000e-01 -1.42589e-15 
7.50000e-01 5.50000e-01 -2.45719e-15 
7.50000e-01 5.75000e-01 -9.65333e-17 
7.50000e-01 6.00000e-01 4.13306e-15 
7.50000e-01 6.25000e-01 -2.21740e-15 
7.50000e-01 6.50000e-01 7.36812e-16 
7.50000e-01 6.75000e-01 -4.12865e-17 
7.50000e-01 7.00000e-01 -4.73138e-16 
7.50000e-01 7.25000e-01 1.29025e-16 
7.50000e-01 7.50000e-01 7.94178e-16 
7.50000e-01 7.75000e-01 -6.37245e-16 
7.50000e-01 8.00000e-01 1.67389e-15 
7.50000e-01 8.25000e-01 -3.44578e-15 
7.50000e-01 8.50000e-01 9.69660e-15 
7.50000e-01 8.75000e-01 -8.02438e-16 
7.50000e-01 9.00000e-01 7.06404e-15 
7.50000e-01 9.25000e-01 -3.64972e-15 
7.50000e-01 9.50000e-01 -6.38278e-15 
7.50000e-01 9.75000e-01 6.00366e-15 
7.50000e-01 1.00000e+00 0.00000e+00 

7.75000e-01 0.00000e+00 0.00000e+00 
7.75000e-01 2.50000e-02 7.26641e-14 
7.75000e-01 5.00000e-02 -4.08562e-14 
7.75000e-01 7.50000e-02 1.48770e-14 
7.75000e-01 1.00000e-01 -6.07847e-15 
7.75000e-01 1.25000e-01 -8.79852e-15 
7.75000e-01 1.50000e-01 -9.02056e-16 
7.75000e-01 1.75000e-01 -1.45717e-15 
7.75000e-01 2.00000e-01 2.81025e-15 
7.75000e-01 2.25000e-01 -5.62050e-16 
7.75000e-01 2.50000e-01 -2.80528e-15 
7.75000e-01 2.75000e-01 -8.36137e-16 
7.75000e-01 3.00000e-01 -5.63438e-15 
7.75000e-01 3.25000e-01 5.55112e-16 
7.75000e-01 3.50000e-01 -3.06699e-15 
7.75000e-01 3.75000e-01 -6.25888e-15 
7.75000e-01 4.00000e-01 -7.21645e-16 
7.75000e-01 4.25000e-01 2.02616e-15 
7.75000e-01 4.50000e-01 -8.07687e-15 
7.75000e-01 4.75000e-01 1.41553e-15 
7.75000e-01 5.00000e-01 -1.70974e-14 
7.75000e-01 5.25000e-01 9.07607e-15 
7.75000e-01 5.50000e-01 6.02296e-15 
7.75000e-01 5.75000e-01 -1.52656e-15 
7.75000e-01 6.00000e-01 -4.05231e-15 
7.75000e-01 6.25000e-01 -1.15186e-15 
7.75000e-01 6.50000e-01 8.88178e-16 
7.75000e-01 6.75000e-01 -2.98372e-15 
7.75000e-01 7.00000e-01 0.00000e+00 
7.75000e-01 7.25000e-01 3.26128e-16 
7.75000e-01 7.50000e-01 -6.30469e-16 
7.75000e-01 7.75000e-01 2.21698e-15 
7.75000e-01 8.00000e-01 2.35922e-15 
7.75000e-01 8.25000e-01 6.93889e-16 
7.75000e-01 8.50000e-01 -2.91434e-16 
7.75000e-01 8.75000e-01 7.56339e-15 
7.75000e-01 9.00000e-01 -5.82867e-15 
7.75000e-01 9.25000e-01 -2.77556e-16 
7.75000e-01 9.50000e-01 -1.05194e-14 
7.75000e-01 9.75000e-01 -1.95122e-14 
7.75000e-01 1.00000e+00 0.00000e+00 

8.00000e-01 0.00000e+00 0.00000e+00 
8.00000e-01 2.50000e-02 -5.30687e-14 
8.00000e-01 5.00000e-02 5.79536e-14 
8.00000e-01 7.50000e-02 -1.60982e-14 
8.00000e-01 1.00000e-01 1.74027e-14 
8.00000e-01 1.25000e-01 9.90874e-15 
8.00000e-01 1.50000e-01 8.85403e-15 
8.00000e-01 1.75000e-01 3.05311e-16 
8.00000e-01 2.00000e-01 -6.66134e-15 
8.00000e-01 2.25000e-01 -1.52656e-16 
8.00000e-01 2.50000e-01 3.57510e-15 
8.00000e-01 2.75000e-01 1.85962e-15 
8.00000e-01 3.00000e-01 9.39526e-15 
8.00000e-01 3.25000e-01 -4.60743e-15 
8.00000e-01 3.50000e-01 1.26565e-14 
8.00000e-01 3.75000e-01 2.44527e-14 
8.00000e-01 4.00000e-01 -2.05391e-15 
8.00000e-01 4.25000e-01 -2.07057e-14 
8.00000e-01 4.50000e-01 1.07137e-14 
8.00000e-01 4.75000e-01 2.73670e-14 
8.00000e-01 5.00000e-01 2.06501e-14 
8.00000e-01 5.25000e-01 -8.71525e-15 
8.00000e-01 5.50000e-01 -3.16414e-15 
8.00000e-01 5.75000e-01 -9.15934e-15 
8.00000e-01 6.00000e-01 1.22125e-14 
8.00000e-01 6.25000e-01 1.08802e-14 
8.00000e-01 6.50000e-01 -7.52176e-15 
8.00000e-01 6.75000e-01 8.16014e-15 
8.00000e-01 7.00000e-01 5.41234e-15 
8.00000e-01 7.25000e-01 2.15106e-16 
8.00000e-01 7.50000e-01 8.97332e-16 
8.00000e-01 7.75000e-01 -3.53190e-15 
8.00000e-01 8.00000e-01 -8.32667e-16 
8.00000e-01 8.25000e-01 3.71925e-15 
8.00000e-01 8.50000e-01 -2.49523e-14 
8.00000e-01 8.75000e-01 5.68989e-15 
8.00000e-01 9.00000e-01 -8.68750e-15 
8.00000e-01 9.25000e-01 -1.33227e-14 
8.00000e-01 9.50000e-01 5.72875e-14 
8.00000e-01 9.75000e-01 -1.13798e-14 
8.00000e-01 1.00000e+00 0.00000e+00 

8.25000e-01 0.00000e+00 0.00000e+00 
8.25000e-01 2.50000e-02 -7.21645e-16 
8.25000e-01 5.00000e-02 -3.77476e-14 
8.25000e-01 7.50000e-02 1.79301e-14 
8.25000e-01 1.00000e-01 -3.93574e-14 
8.25000e-01 1.25000e-01 -3.88578e-16 
8.25000e-01 1.50000e-01 -8.82627e-15 
8.25000e-01 1.75000e-01 -1.14353e-14 
8.25000e-01 2.00000e-01 1.00753e-14 
8.25000e-01 2.25000e-01 5.95357e-15 
8.25000e-01 2.50000e-01 -3.61512e-15 
8.25000e-01 2.75000e-01 -4.09395e-15 
8.25000e-01 3.00000e-01 -1.77636e-14 
8.25000e-01 3.25000e-01 1.91236e-14 
8.25000e-01 3.50000e-01 -1.40998e-14 
8.25000e-01 3.75000e-01 -3.98015e-14 
8.25000e-01 4.00000e-01 1.78746e-14 
8.25000e-01 4.25000e-01 2.64788e-14 
8.25000e-01 4.50000e-01 6.49480e-15 
8.25000e-01 4.75000e-01 -3.53051e-14 
8.25000e-01 5.00000e-01 -1.78746e-14 
8.25000e-01 5.25000e-01 -2.70339e-14 
8.25000e-01 5.50000e-01 2.38698e-14 
8.25000e-01 5.75000e-01 8.88178e-16 
8.25000e-01 6.00000e-01 -2.09832e-14 
8.25000e-01 6.25000e-01 -3.88578e-16 
8.25000e-01 6.50000e-01 1.90958e-14 
8.25000e-01 6.75000e-01 -1.39333e-14 
8.25000e-01 7.00000e-01 -4.24660e-15 
8.25000e-01 7.25000e-01 1.49880e-15 
8.25000e-01 7.50000e-01 4.25341e-15 
8.25000e-01 7.75000e-01 3.23352e-15 
8.25000e-01 8.00000e-01 -1.29341e-14 
8.25000e-01 8.25000e-01 1.59039e-14 
8.25000e-01 8.50000e-01 2.06501e-14 
8.25000e-01 8.75000e-01 -8.10463e-15 
8.25000e-01 9.00000e-01 2.22045e-15 
8.25000e-01 9.25000e-01 8.65419e-14 
8.25000e-01 9.50000e-01 -1.37668e-13 
8.25000e-01 9.75000e-01 1.17295e-13 
8.25000e-01 1.00000e+00 0.00000e+00 

8.50000e-01 0.00000e+00 0.00000e+00 
8.50000e-01 2.50000e-02 1.22125e-15 
8.50000e-01 5.00000e-02 -5.35127e-14 
8.50000e-01 7.50000e-02 1.88738e-14 
8.50000e-01 1.00000e-01 -1.76525e-14 
8.50000e-01 1.25000e-01 -5.44009e-15 
8.50000e-01 1.50000e-01 -8.60423e-15 
8.50000e-01 1.75000e-01 8.21565e-15 
8.50000e-01 2.00000e-01 -1.26565e-14 
8.50000e-01 2.25000e-01 -1.86101e-14 
8.50000e-01 2.50000e-01 -7.94374e-15 
8.50000e-01 2.75000e-01 4.99600e-16 
8.50000e-01 3.00000e-01 1.01863e-14 
8.50000e-01 3.25000e-01 -3.86913e-14 
8.50000e-01 3.50000e-01 5.16254e-15 
8.50000e-01 3.75000e-01 3.46390e-14 
8.50000e-01 4.00000e-01 -3.78031e-14 
8.50000e-01 4.25000e-01 -2.29816e-14 
8.50000e-01 4.50000e-01 -4.22995e-14 
8.50000e-01 4.75000e-01 -2.47580e-14 
8.50000e-01 5.00000e-01 2.33147e-15 
8.50000e-01 5.25000e-01 2.79776e-14 
8.50000e-01 5.50000e-01 -3.67484e-14 
8.50000e-01 5.75000e-01 3.55271e-15 
8.50000e-01 6.00000e-01 1.08247e-14 
8.50000e-01 6.25000e-01 -3.20854e-14 
8.50000e-01 6.50000e-01 -1.58207e-14 
8.50000e-01 6.75000e-01 4.16334e-15 
8.50000e-01 7.00000e-01 1.85962e-15 
8.50000e-01 7.25000e-01 -3.15026e-15 
8.50000e-01 7.50000e-01 -6.17951e-15 
8.50000e-01 7.75000e-01 2.06779e-15 
8.50000e-01 8.00000e-01 1.21847e-14 
8.50000e-01 8.25000e-01 -9.21485e-15 
8.50000e-01 8.50000e-01 -1.31006e-14 
8.50000e-01 8.75000e-01 -2.77556e-15 
8.50000e-01 9.00000e-01 -2.18714e-14 
8.50000e-01 9.25000e-01 -1.45106e-13 
8.50000e-01 9.50000e-01 2.03282e-13 
8.50000e-01 9.75000e-01 -1.65312e-13 
8.50000e-01 1.00000e+00 0.00000e+00 

8.75000e-01 0.00000e+00 0.00000e+00 
8.75000e-01 2.50000e-02 -8.88178e-16 
8.75000e-01 5.00000e-02 9.09273e-14 
8.75000e-01 7.50000e-02 -7.10543e-15 
8.75000e-01 1.00000e-01 2.29816e-14 
8.75000e-01 1.25000e-01 3.71925e-15 
8.75000e-01 1.50000e-01 2.58682e-14 
8.75000e-01 1.75000e-01 1.62648e-14 
8.75000e-01 2.00000e-01 2.21212e-14 
8.75000e-01 2.25000e-01 2.16216e-14 
8.75000e-01 2.50000e-01 2.67580e-14 
8.75000e-01 2.75000e-01 1.02141e-14 
8.75000e-01 3.00000e-01 1.14353e-14 
8.75000e-01 3.25000e-01 3.72480e-14 
8.75000e-01 3.50000e-01 3.27516e-15 
8.75000e-01 3.75000e-01 -2.27596e-15 
8.75000e-01 4.00000e-01 3.67484e-14 
8.75000e-01 4.25000e-01 -6.99441e-15 
8.75000e-01 4.50000e-01 6.16174e-14 
8.75000e-01 4.75000e-01 8.70415e-14 
8.75000e-01 5.00000e-01 2.12053e-14 
8.75000e-01 5.25000e-01 -8.88178e-15 
8.75000e-01 5.50000e-01 1.16573e-14 
8.75000e-01 5.75000e-01 3.35287e-14 
8.75000e-01 6.00000e-01 -8.99281e-15 
8.75000e-01 6.25000e-01 3.50830e-14 
8.75000e-01 6.50000e-01 3.33067e-16 
8.75000e-01 6.75000e-01 4.44089e-15 
8.75000e-01 7.00000e-01 -1.70142e-14 
8.75000e-01 7.25000e-01 -2.01228e-15 
8.75000e-01 7.50000e-01 -3.94629e-15 
8.75000e-01 7.75000e-01 -1.60288e-14 
8.75000e-01 8.00000e-01 -4.02456e-15 
8.75000e-01 8.25000e-01 -3.03091e-14 
8.75000e-01 8.50000e-01 4.71845e-14 
8.75000e-01 8.75000e-01 1.74860e-14 
8.75000e-01 9.00000e-01 3.68594e-14 
8.75000e-01 9.25000e-01 1.91402e-13 
8.75000e-01 9.50000e-01 -3.69815e-13 
8.75000e-01 9.75000e-01 2.11386e-13 
8.75000e-01 1.00000e+00 0.00000e+00 

9.00000e-01 0.00000e+00 0.00000e+00 
9.00000e-01 2.50000e-02 1.39888e-14 
9.00000e-01 5.00000e-02 -3.70814e-14 
9.00000e-01 7.50000e-02 -5.66214e-14 
9.00000e-01 1.00000e-01 5.10703e-14 
9.00000e-01 1.25000e-01 2.30926e-14 
9.00000e-01 1.50000e-01 -3.49165e-14 
9.00000e-01 1.75000e-01 -1.63203e-14 
9.00000e-01 2.00000e-01 -3.45279e-14 
9.00000e-01 2.25000e-01 -1.42109e-14 
9.00000e-01 2.50000e-01 -2.70121e-14 
9.00000e-01 2.75000e-01 -7.71605e-15 
9.00000e-01 3.00000e-01 -1.10467e-14 
9.00000e-01 3.25000e-01 -8.54872e-15 
9.00000e-01 3.50000e-01 9.93650e-15 
9.00000e-01 3.75000e-01 -2.02061e-14 
9.00000e-01 4.00000e-01 -1.07692e-14 
9.00000e-01 4.25000e-01 -1.66533e-15 
9.00000e-01 4.50000e-01 -2.39808e-14 
9.00000e-01 4.75000e-01 -8.60423e-14 
9.00000e-01 5.00000e-01 -2.76446e-14 
9.00000e-01 5.25000e-01 8.21565e-15 
9.00000e-01 5.50000e-01 3.77476e-15 
9.00000e-01 5.75000e-01 -4.86278e-14 
9.00000e-01 6.00000e-01 1.28786e-14 
9.00000e-01 6.25000e-01 -5.21805e-15 
9.00000e-01 6.50000e-01 -8.27116e-15 
9.00000e-01 6.75000e-01 3.14748e-14 
9.00000e-01 7.00000e-01 1.42664e-14 
9.00000e-01 7.25000e-01 -3.21965e-15 
9.00000e-01 7.50000e-01 8.92220e-16 
9.00000e-01 7.75000e-01 1.01863e-14 
9.00000e-01 8.00000e-01 -2.11775e-14 
9.00000e-01 8.25000e-01 2.94209e-15 
9.00000e-01 8.50000e-01 -4.40759e-14 
9.00000e-01 8.75000e-01 -3.25295e-14 
9.00000e-01 9.00000e-01 8.58202e-14 
9.00000e-01 9.25000e-01 -2.23266e-13 
9.00000e-01 9.50000e-01 3.79252e-13 
9.00000e-01 9.75000e-01 -3.05089e-13 
9.00000e-01 1.00000e+00 0.00000e+00 

9.25000e-01 0.00000e+00 0.00000e+00 
9.25000e-01 2.50000e-02 -8.33777e-14 
9.25000e-01 5.00000e-02 3.68594e-14 
9.25000e-01 7.50000e-02 1.40998e-14 
9.25000e-01 1.00000e-01 -5.66214e-14 
9.25000e-01 1.25000e-01 -3.18634e-14 
9.25000e-01 1.50000e-01 2.23155e-14 
9.25000e-01 1.75000e-01 8.27116e-15 
9.25000e-01 2.00000e-01 1.97620e-14 
9.25000e-01 2.25000e-01 1.53766e-14 
9.25000e-01 2.50000e-01 2.43407e-14 
9.25000e-01 2.75000e-01 2.20102e-14 
9.25000e-01 3.00000e-01 -8.43769e-15 
9.25000e-01 3.25000e-01 1.39888e-14 
9.25000e-01 3.50000e-01 -4.21885e-15 
9.25000e-01 3.75000e-01 4.10783e-15 
9.25000e-01 4.00000e-01 2.06501e-14 
9.25000e-01 4.25000e-01 5.21805e-15 
9.25000e-01 4.50000e-01 1.99840e-15 
9.25000e-01 4.75000e-01 4.74065e-14 
9.25000e-01 5.00000e-01 -5.55112e-16 
9.25000e-01 5.25000e-01 3.89688e-14 
9.25000e-01 5.50000e-01 -1.18794e-14 
9.25000e-01 5.75000e-01 4.44089e-14 
9.25000e-01 6.00000e-01 -2.64233e-14 
9.25000e-01 6.25000e-01 3.99680e-15 
9.25000e-01 6.50000e-01 3.85247e-14 
9.25000e-01 6.75000e-01 -2.50355e-14 
9.25000e-01 7.00000e-01 1.44884e-14 
9.25000e-01 7.25000e-01 2.10110e-14 
9.25000e-01 7.50000e-01 2.16938e-14 
9.25000e-01 7.75000e-01 2.59237e-14 
9.25000e-01 8.00000e-01 4.14668e-14 
9.25000e-01 8.25000e-01 6.36713e-14 
9.25000e-01 8.50000e-01 6.66134e-16 
9.25000e-01 8.75000e-01 -5.66214e-15 
9.25000e-01 9.00000e-01 -9.83658e-14 
9.25000e-01 9.25000e-01 1.72196e-13 
9.25000e-01 9.50000e-01 -2.37921e-13 
9.25000e-01 9.75000e-01 3.94129e-13 
9.25000e-01 1.00000e+00 0.00000e+00 

9.50000e-01 0.00000e+00 0.00000e+00 
9.50000e-01 2.50000e-02 2.28928e-13 
9.50000e-01 5.00000e-02 -2.67564e-14 
9.50000e-01 7.50000e-02 2.86438e-14 
9.50000e-01 1.00000e-01 7.43849e-15 
9.50000e-01 1.25000e-01 3.43059e-14 
9.50000e-01 1.50000e-01 9.88098e-15 
9.50000e-01 1.75000e-01 2.66454e-15 
9.50000e-01 2.00000e-01 1.21014e-14 
9.50000e-01 2.25000e-01 -1.30729e-14 
9.50000e-01 2.50000e-01 -1.90237e-14 
9.50000e-01 2.75000e-01 -1.93179e-14 
9.50000e-01 3.00000e-01 3.44169e-15 
9.50000e-01 3.25000e-01 -3.94129e-15 
9.50000e-01 3.50000e-01 -2.36478e-14 
9.50000e-01 3.75000e-01 1.85407e-14 
9.50000e-01 4.00000e-01 -1.28786e-14 
9.50000e-01 4.25000e-01 -3.77476e-15 
9.50000e-01 4.50000e-01 2.12053e-14 
9.50000e-01 4.75000e-01 -4.28546e-14 
9.50000e-01 5.00000e-01 3.63043e-14 
9.50000e-01 5.25000e-01 -1.52101e-14 
9.50000e-01 5.50000e-01 2.67564e-14 
9.50000e-01 5.75000e-01 2.70894e-14 
9.50000e-01 6.00000e-01 1.77636e-14 
9.50000e-01 6.25000e-01 -9.43690e-15 
9.50000e-01 6.50000e-01 -2.67564e-14 
9.50000e-01 6.75000e-01 2.10942e-15 
9.50000e-01 7.00000e-01 -2.22045e-14 
9.50000e-01 7.25000e-01 -1.67366e-14 
9.50000e-01 7.50000e-01 -2.16853e-14 
9.50000e-01 7.75000e-01 -1.88738e-14 
9.50000e-01 8.00000e-01 -2.87548e-14 
9.50000e-01 8.25000e-01 -4.88498e-14 
9.50000e-01 8.50000e-01 -1.46549e-14 
9.50000e-01 8.75000e-01 -2.97540e-14 
9.50000e-01 9.00000e-01 6.83897e-14 
9.50000e-01 9.25000e-01 -1.32450e-13 
9.50000e-01 9.50000e-01 2.59126e-13 
9.50000e-01 9.75000e-01 -5.64770e-13 
9.50000e-01 1.00000e+00 0.00000e+00 

9.75000e-01 0.00000e+00 0.00000e+00 
9.75000e-01 2.50000e-02 -1.93179e-13 
9.75000e-01 5.00000e-02 -2.42806e-13 
9.75000e-01 7.50000e-02 6.39488e-14 
9.75000e-01 1.00000e-01 -2.30038e-13 
9.75000e-01 1.25000e-01 -1.17684e-14 
9.75000e-01 1.50000e-01 -8.88178e-16 
9.75000e-01 1.75000e-01 4.80727e-14 
9.75000e-01 2.00000e-01 -2.29261e-14 
9.75000e-01 2.25000e-01 -2.68119e-14 
9.75000e-01 2.50000e-01 3.72999e-15 
9.75000e-01 2.75000e-01 1.69864e-14 
9.75000e-01 3.00000e-01 1.31006e-14 
9.75000e-01 3.25000e-01 7.83262e-14 
9.75000e-01 3.50000e-01 8.82627e-14 
9.75000e-01 3.75000e-01 1.58984e-13 
9.75000e-01 4.00000e-01 4.97380e-14 
9.75000e-01 4.25000e-01 -1.14020e-13 
9.75000e-01 4.50000e-01 -5.97300e-14 
9.75000e-01 4.75000e-01 1.18350e-13 
9.75000e-01 5.00000e-01 -1.29896e-13 
9.75000e-01 5.25000e-01 -5.66214e-14 
9.75000e-01 5.50000e-01 3.46390e-14 
9.75000e-01 5.75000e-01 5.66214e-15 
9.75000e-01 6.00000e-01 -5.56222e-14 
9.75000e-01 6.25000e-01 -4.99600e-15 
9.75000e-01 6.50000e-01 4.50751e-14 
9.75000e-01 6.75000e-01 1.98175e-14 
9.75000e-01 7.00000e-01 1.93734e-14 
9.75000e-01 7.25000e-01 1.16573e-15 
9.75000e-01 7.50000e-01 -2.12512e-14 
9.75000e-01 7.75000e-01 -1.49047e-14 
9.75000e-01 8.00000e-01 -4.67404e-14 
9.75000e-01 8.25000e-01 -1.17684e-14 
9.75000e-01 8.50000e-01 -8.43769e-15 
9.75000e-01 8.75000e-01 4.90719e-14 
9.75000e-01 9.00000e-01 -4.14113e-14 
9.75000e-01 9.25000e-01 1.80411e-13 
9.75000e-01 9.50000e-01 -5.00933e-13 
9.75000e-01 9.75000e-01 5.25802e-13 
9.75000e-01 1.00000e+00 0.00000e+00 

1.00000e+00 0.00000e+00 0.00000e+00 
1.00000e+00 2.50000e-02 0.00000e+00 
1.00000e+00 5.00000e-02 0.00000e+00 
1.00000e+00 7.50000e-02 0.00000e+00 
1.00000e+00 1.00000e-01 0.00000e+00 
1.00000e+00 1.25000e-01 0.00000e+00 
1.00000e+00 1.50000e-01 0.00000e+00 
1.00000e+00 1.75000e-01 0.00000e+00 
1.00000e+00 2.00000e-01 0.00000e+00 
1.00000e+00 2.25000e-01 0.00000e+00 
1.00000e+00 2.50000e-01 0.00000e+00 
1.00000e+00 2.75000e-01 0.00000e+00 
1.00000e+00 3.00000e-01 0.00000e+00 
1.00000e+00 3.25000e-01 0.00000e+00 
1.00000e+00 3.50000e-01 0.00000e+00 
1.00000e+00 3.75000e-01 0.00000e+00 
1.00000e+00 4.00000e-01 0.00000e+00 
1.00000e+00 4.25000e-01 0.00000e+00 
1.00000e+00 4.50000e-01 0.00000e+00 
1.00000e+00 4.75000e-01 0.00000e+00 
1.00000e+00 5.00000e-01 0.00000e+00 
1.00000e+00 5.25000e-01 0.00000e+00 
1.00000e+00 5.50000e-01 0.00000e+00 
1.00000e+00 5.75000e-01 0.00000e+00 
1.00000e+00 6.00000e-01 0.00000e+00 
1.00000e+00 6.25000e-01 0.00000e+00 
1.00000e+00 6.50000e-01 0.00000e+00 
1.00000e+00 6.75000e-01 0.00000e+00 
1.00000e+00 7.00000e-01 0.00000e+00 
1.00000e+00 7.25000e-01 0.00000e+00 
1.00000e+00 7.50000e-01 0.00000e+00 
1.00000e+00 7.75000e-01 0.00000e+00 
1.00000e+00 8.00000e-01 0.00000e+00 
1.00000e+00 8.25000e-01 0.00000e+00 
1.00000e+00 8.50000e-01 0.00000e+00 
1.00000e+00 8.75000e-01 0.00000e+00 
1.00000e+00 9.00000e-01 0.00000e+00 
1.00000e+00 9.25000e-01 0.00000e+00 
1.00000e+00 9.50000e-01 0.00000e+00 
1.00000e+00 9.75000e-01 0.00000e+00 
1.00000e+00 1.00000e+00 0.00000e+00 

